263 133 99 138 437 
5025,4,32.00,80.00,0.00,0.00,0.00,312,88,0,0
240 135 98 138 434 
5027,4,32.00,0.00,0.00,4.00,4.00,232,168,2,2
283 156 116 161 455 
5028,4,32.00,0.00,0.00,8.00,4.00,232,168,15,15
238 137 101 139 439 
5040,4,32.00,0.00,0.00,12.00,4.00,232,168,18,18
240 142 99 137 438 
5042,4,32.00,0.00,0.00,16.00,4.00,232,168,31,31
239 140 98 138 435 
5053,4,32.00,0.00,0.00,20.00,4.00,232,168,33,33
239 138 106 135 439 
5055,4,32.00,0.00,0.00,24.00,4.00,232,168,34,34
239 134 97 135 441 
5066,4,32.00,0.00,0.00,28.00,4.00,232,168,49,49
240 141 98 135 437 
5068,4,32.00,0.00,0.00,32.00,4.00,232,168,50,50
249 139 101 139 442 
5079,4,32.00,0.00,0.00,36.00,4.00,232,168,64,64
240 135 102 137 441 
5081,4,32.00,0.00,0.00,40.00,4.00,232,168,66,66
286 139 98 134 441 
5082,4,32.00,0.00,0.00,44.00,4.00,232,168,80,80
283 139 94 139 437 
5094,4,32.00,0.00,0.00,48.00,4.00,232,168,82,82
290 144 100 135 442 
5095,4,32.00,0.00,0.00,52.00,4.00,232,168,96,96
281 144 101 134 442 
5107,4,32.00,0.00,0.00,56.00,4.00,232,168,98,98
289 153 95 139 442 
5109,4,32.00,0.00,0.00,60.00,4.00,232,168,111,111
281 150 107 137 438 
5120,4,32.00,0.00,0.00,64.00,4.00,232,168,114,114
295 146 0 139 436 
5122,4,32.00,0.00,0.00,68.00,4.00,232,168,127,127
282 147 112 138 438 
5133,4,32.00,0.00,0.00,72.00,4.00,232,168,129,129
286 147 112 140 443 
5135,4,32.00,0.00,0.00,76.00,4.00,232,168,143,143
281 144 112 142 443 
5146,4,32.00,0.00,0.00,80.00,4.00,232,168,145,145
280 145 112 153 441 
5148,4,32.00,0.00,0.00,84.00,4.00,232,168,147,147
283 146 101 139 438 
5160,4,32.00,0.00,0.00,88.00,4.00,232,168,160,160
279 146 112 145 446 
5161,4,32.00,0.00,0.00,92.00,4.00,232,168,163,163
280 144 109 147 450 
5173,4,32.00,0.00,0.00,96.00,4.00,232,168,176,168
278 144 110 145 450 
5174,4,32.00,0.00,0.00,100.00,4.00,232,168,178,168
278 147 112 144 448 
5186,4,32.00,0.00,0.00,104.00,4.00,232,168,191,168
278 143 112 144 446 
5187,4,32.00,0.00,0.00,108.00,4.00,232,168,194,168
275 142 111 144 448 
5199,4,32.00,0.00,0.00,112.00,4.00,232,168,208,168
278 145 110 146 448 
5200,4,32.00,0.00,0.00,116.00,4.00,232,168,209,168
280 144 111 144 432 
5212,4,32.00,0.00,0.00,120.00,4.00,232,168,224,168
279 144 110 144 445 
5213,4,32.00,0.00,0.00,124.00,4.00,232,168,225,168
278 144 110 145 451 
5225,4,32.00,0.00,0.00,128.00,4.00,232,168,232,168
275 139 107 143 446 
5227,4,32.00,0.00,0.00,132.00,4.00,232,168,232,168
276 142 110 145 446 
5228,4,32.00,0.00,0.00,136.00,4.00,232,168,232,168
274 143 105 144 446 
5240,4,32.00,0.00,0.00,140.00,4.00,232,168,232,168
272 144 105 143 446 
5241,4,32.00,0.00,0.00,144.00,4.00,232,168,232,168
273 145 112 140 444 
5253,4,32.00,0.00,0.00,148.00,4.00,232,168,232,168
272 144 107 143 446 
5254,4,32.00,0.00,0.00,152.00,4.00,232,168,232,168
271 140 112 144 443 
5266,4,32.00,0.00,0.00,156.00,4.00,232,168,232,168
263 141 103 143 442 
5267,4,32.00,0.00,0.00,160.00,4.00,232,168,232,168
271 145 106 145 444 
5279,4,32.00,0.00,0.00,164.00,4.00,232,168,232,168
272 141 110 144 444 
5280,4,32.00,0.00,0.00,168.00,4.00,232,168,232,168
271 143 100 144 442 
5292,4,32.00,0.00,0.00,172.00,4.00,232,168,232,168
270 141 93 141 442 
5294,4,32.00,0.00,0.00,176.00,4.00,232,168,232,168
272 141 106 145 443 
5305,4,32.00,0.00,0.00,180.00,4.00,232,168,232,168
272 139 103 144 446 
5307,4,32.00,0.00,0.00,184.00,4.00,232,168,232,168
272 142 98 140 446 
5318,4,32.00,0.00,0.00,188.00,4.00,232,168,232,168
270 144 109 144 445 
5320,4,32.00,0.00,0.00,192.00,4.00,232,168,232,168
272 143 104 144 441 
5331,4,32.00,0.00,0.00,196.00,4.00,232,168,232,168
272 142 105 144 446 
5333,4,32.00,0.00,0.00,200.00,4.00,232,168,232,168
269 139 100 141 443 
5345,4,32.00,0.00,0.00,204.00,4.00,232,168,232,168
268 142 106 144 442 
5346,4,32.00,0.00,0.00,208.00,4.00,232,168,232,168
272 144 109 147 450 
5358,4,32.00,0.00,0.00,212.00,4.00,232,168,232,168
272 144 112 143 439 
5359,4,32.00,0.00,0.00,216.00,4.00,232,168,232,168
270 143 104 140 447 
5371,4,32.00,0.00,0.00,220.00,4.00,232,168,232,168
274 142 103 144 443 
5372,4,32.00,0.00,0.00,224.00,4.00,232,168,232,168
269 141 102 135 439 
5384,4,32.00,0.00,0.00,228.00,4.00,232,168,232,168
270 137 107 140 443 
5385,4,32.00,0.00,0.00,232.00,4.00,232,168,232,168
274 144 106 135 438 
5397,4,32.00,0.00,0.00,236.00,4.00,232,168,232,168
271 141 106 144 443 
5398,4,32.00,0.00,0.00,240.00,4.00,232,168,232,168
271 144 111 142 441 
5410,4,32.00,0.00,0.00,244.00,4.00,232,168,232,168
271 144 107 141 439 
5412,4,32.00,0.00,0.00,248.00,4.00,232,168,232,168
272 143 105 138 446 
5423,4,32.00,0.00,0.00,252.00,4.00,232,168,232,168
267 144 106 142 439 
5425,4,32.00,0.00,0.00,256.00,4.00,232,168,232,168
268 139 93 143 439 
5436,4,32.00,0.00,0.00,260.00,4.00,232,168,232,168
268 143 109 123 444 
5438,4,32.00,0.00,0.00,264.00,4.00,232,168,232,168
269 145 111 144 443 
5449,4,32.00,0.00,0.00,268.00,4.00,232,168,232,168
268 138 105 143 443 
5451,4,32.00,0.00,0.00,272.00,4.00,232,168,232,168
269 141 104 144 445 
5462,4,32.00,0.00,0.00,276.00,4.00,232,168,232,168
269 139 108 142 442 
5464,4,32.00,0.00,0.00,280.00,4.00,232,168,232,168
270 140 99 136 444 
5465,4,32.00,0.00,0.00,284.00,4.00,232,168,232,168
268 144 106 141 439 
5477,4,32.00,0.00,0.00,288.00,4.00,232,168,232,168
269 144 108 144 443 
5478,4,32.00,0.00,0.00,292.00,4.00,232,168,232,168
267 139 110 140 439 
5490,4,32.00,0.00,0.00,296.00,4.00,232,168,232,168
266 144 107 144 441 
5492,4,32.00,0.00,0.00,300.00,4.00,232,168,232,168
266 143 107 144 437 
5503,4,32.00,0.00,0.00,304.00,4.00,232,168,232,168
263 140 107 143 444 
5505,4,32.00,0.00,0.00,308.00,4.00,232,168,232,168
265 142 112 144 443 
5516,4,32.00,0.00,0.00,312.00,4.00,232,168,232,168
265 142 103 140 441 
5518,4,32.00,0.00,0.00,316.00,4.00,232,168,232,168
265 143 107 170 441 
5530,4,32.00,0.00,0.00,320.00,4.00,232,168,232,168
259 139 102 141 442 
5531,4,32.00,0.00,0.00,324.00,4.00,232,168,232,168
270 135 103 142 445 
5543,4,32.00,0.00,0.00,328.00,4.00,232,168,232,168
262 141 108 144 445 
5544,4,32.00,0.00,0.00,332.00,4.00,232,168,232,168
261 141 101 141 442 
5556,4,32.00,0.00,0.00,336.00,4.00,232,168,232,168
259 144 103 143 442 
5557,4,32.00,0.00,0.00,340.00,4.00,232,168,232,168
261 135 101 145 443 
5569,4,32.00,0.00,0.00,344.00,4.00,232,168,232,168
267 141 105 143 439 
5570,4,32.00,0.00,0.00,348.00,4.00,232,168,232,168
259 143 105 142 443 
5582,4,32.00,0.00,0.00,352.00,4.00,232,168,232,168
260 139 106 105 437 
5583,4,32.00,0.00,0.00,356.00,4.00,232,168,232,168
263 142 105 140 446 
5595,4,32.00,0.00,0.00,360.00,4.00,232,168,232,168
266 144 100 141 446 
5597,4,32.00,0.00,0.00,364.00,4.00,232,168,232,168
267 142 105 144 435 
5608,4,32.00,0.00,0.00,368.00,4.00,232,168,232,168
261 140 105 139 431 
5610,4,32.00,0.00,0.00,372.00,4.00,232,168,232,168
262 143 103 139 443 
5621,4,32.00,0.00,0.00,376.00,4.00,232,168,232,168
259 140 103 139 444 
5623,4,32.00,0.00,0.00,380.00,4.00,232,168,232,168
262 140 102 139 443 
5634,4,32.00,0.00,0.00,384.00,4.00,232,168,232,168
261 141 101 140 439 
5636,4,32.00,0.00,0.00,388.00,4.00,232,168,232,168
267 139 106 142 442 
5648,4,32.00,0.00,0.00,392.00,4.00,232,168,232,168
259 144 98 143 444 
5649,4,32.00,0.00,0.00,396.00,4.00,232,168,232,168
262 140 102 142 444 
5661,4,32.00,0.00,0.00,400.00,4.00,232,168,232,168
262 145 102 141 442 
5662,4,32.00,0.00,0.00,404.00,4.00,232,168,232,168
262 134 105 145 445 
5674,4,32.00,0.00,0.00,408.00,4.00,232,168,232,168
259 142 102 142 446 
5675,4,32.00,0.00,0.00,412.00,4.00,232,168,232,168
256 142 107 128 442 
5687,4,32.00,0.00,0.00,416.00,4.00,232,168,232,168
263 134 110 144 443 
5688,4,32.00,0.00,0.00,420.00,4.00,232,168,232,168
266 147 106 144 443 
5700,4,32.00,0.00,0.00,424.00,4.00,232,168,232,168
272 144 106 143 449 
5701,4,32.00,0.00,0.00,428.00,4.00,232,168,232,168
263 143 95 139 446 
5703,4,32.00,0.00,0.00,432.00,4.00,232,168,232,168
258 142 103 144 443 
5714,4,32.00,0.00,0.00,436.00,4.00,232,168,232,168
262 142 106 141 443 
5716,4,32.00,0.00,0.00,440.00,4.00,232,168,232,168
261 137 95 141 439 
5728,4,32.00,0.00,0.00,444.00,4.00,232,168,232,168
257 144 106 144 448 
5729,4,32.00,0.00,0.00,448.00,4.00,232,168,232,168
258 144 109 133 432 
5741,4,32.00,0.00,0.00,452.00,4.00,232,168,232,168
266 139 101 144 443 
5742,4,32.00,0.00,0.00,456.00,4.00,232,168,232,168
259 144 105 144 443 
5754,4,32.00,0.00,0.00,460.00,4.00,232,168,232,168
256 140 102 139 445 
5755,4,32.00,0.00,0.00,464.00,4.00,232,168,232,168
265 123 109 144 441 
5767,4,32.00,0.00,0.00,468.00,4.00,232,168,232,168
259 142 39 124 443 
5768,4,32.00,0.00,0.00,472.00,4.00,232,168,232,168
260 144 101 139 442 
5780,4,32.00,0.00,0.00,476.00,4.00,232,168,232,168
256 143 107 143 442 
5781,4,32.00,0.00,0.00,480.00,4.00,232,168,232,168
259 141 104 143 446 
5793,4,32.00,0.00,0.00,484.00,4.00,232,168,232,168
256 142 107 141 442 
5795,4,32.00,0.00,0.00,488.00,4.00,232,168,232,168
256 135 107 141 448 
5806,4,32.00,0.00,0.00,492.00,4.00,232,168,232,168
260 138 109 143 441 
5808,4,32.00,0.00,0.00,496.00,4.00,232,168,232,168
257 141 103 149 439 
5819,4,32.00,0.00,0.00,500.00,4.00,232,168,232,168
259 135 103 142 443 
5821,4,32.00,0.00,0.00,504.00,4.00,232,168,232,168
261 144 103 144 442 
5833,4,32.00,0.00,0.00,508.00,4.00,232,168,232,168
257 141 105 142 436 
5834,4,32.00,0.00,0.00,512.00,4.00,232,168,232,168
257 144 59 139 444 
5846,4,32.00,0.00,0.00,516.00,4.00,232,168,232,168
261 140 102 128 563 
5847,4,32.00,0.00,0.00,520.00,4.00,232,168,232,168
258 143 108 142 438 
5859,4,32.00,0.00,0.00,524.00,4.00,232,168,232,168
256 142 101 143 443 
5860,4,32.00,0.00,0.00,528.00,4.00,232,168,232,168
259 141 109 144 443 
5872,4,32.00,0.00,0.00,532.00,4.00,232,168,232,168
256 134 103 130 445 
5873,4,32.00,0.00,0.00,536.00,4.00,232,168,232,168
261 143 106 142 440 
5885,4,32.00,0.00,0.00,540.00,4.00,232,168,232,168
256 134 104 144 437 
5887,4,32.00,0.00,0.00,544.00,4.00,232,168,232,168
258 139 111 139 444 
5898,4,32.00,0.00,0.00,548.00,4.00,232,168,232,168
258 144 105 147 446 
5900,4,32.00,0.00,0.00,552.00,4.00,232,168,232,168
254 144 109 144 445 
5911,4,32.00,0.00,0.00,556.00,4.00,232,168,232,168
261 141 108 141 442 
5913,4,32.00,0.00,0.00,560.00,4.00,232,168,232,168
257 144 118 142 443 
5924,4,32.00,0.00,0.00,564.00,4.00,232,168,232,168
262 141 103 144 444 
5926,4,32.00,0.00,0.00,568.00,4.00,232,168,232,168
259 143 103 141 441 
5927,4,32.00,0.00,0.00,572.00,4.00,232,168,232,168
257 144 103 144 444 
5939,4,32.00,0.00,0.00,576.00,4.00,232,168,232,168
258 144 105 143 444 
5940,4,32.00,0.00,0.00,580.00,4.00,232,168,232,168
259 143 103 139 442 
5952,4,32.00,0.00,0.00,584.00,4.00,232,168,232,168
260 138 105 137 441 
5954,4,32.00,0.00,0.00,588.00,4.00,232,168,232,168
262 139 109 142 441 
5965,4,32.00,0.00,0.00,592.00,4.00,232,168,232,168
256 144 109 131 438 
5967,4,32.00,0.00,0.00,596.00,4.00,232,168,232,168
266 142 107 141 443 
5978,4,32.00,0.00,0.00,600.00,4.00,232,168,232,168
258 144 101 139 439 
5980,4,32.00,0.00,0.00,604.00,4.00,232,168,232,168
256 144 100 144 443 
5992,4,32.00,0.00,0.00,608.00,4.00,232,168,232,168
258 139 107 144 436 
5993,4,32.00,0.00,0.00,612.00,4.00,232,168,232,168
256 135 112 144 439 
6005,4,32.00,0.00,0.00,616.00,4.00,232,168,232,168
256 144 106 140 440 
6006,4,32.00,0.00,0.00,620.00,4.00,232,168,232,168
257 142 104 143 443 
6018,4,32.00,0.00,0.00,624.00,4.00,232,168,232,168
255 144 106 138 435 
6019,4,32.00,0.00,0.00,628.00,4.00,232,168,232,168
260 142 98 142 439 
6031,4,32.00,0.00,0.00,632.00,4.00,232,168,232,168
258 142 102 139 440 
6032,4,32.00,0.00,0.00,636.00,4.00,232,168,232,168
256 141 110 141 445 
6044,4,32.00,0.00,0.00,640.00,4.00,232,168,232,168
254 136 104 138 441 
6045,4,32.00,0.00,0.00,644.00,4.00,232,168,232,168
258 147 105 141 440 
6057,4,32.00,0.00,0.00,648.00,4.00,232,168,232,168
255 144 106 144 445 
6059,4,32.00,0.00,0.00,652.00,4.00,232,168,232,168
254 140 110 144 442 
6070,4,32.00,0.00,0.00,656.00,4.00,232,168,232,168
256 144 106 144 435 
6072,4,32.00,0.00,0.00,660.00,4.00,232,168,232,168
256 141 105 141 438 
6083,4,32.00,0.00,0.00,664.00,4.00,232,168,232,168
255 139 104 138 443 
6085,4,32.00,0.00,0.00,668.00,4.00,232,168,232,168
257 144 105 142 438 
6096,4,32.00,0.00,0.00,672.00,4.00,232,168,232,168
272 145 103 143 445 
6098,4,32.00,0.00,0.00,676.00,4.00,232,168,232,168
229 144 105 143 442 
6110,4,32.00,0.00,0.00,680.00,4.00,232,168,232,168
258 139 102 142 444 
6111,4,32.00,0.00,0.00,684.00,4.00,232,168,232,168
257 139 90 137 445 
6123,4,32.00,0.00,0.00,688.00,4.00,232,168,232,168
255 141 102 141 439 
6124,4,32.00,0.00,0.00,692.00,4.00,232,168,232,168
254 138 105 118 441 
6136,4,32.00,0.00,0.00,696.00,4.00,232,168,232,168
256 142 103 143 444 
6137,4,32.00,0.00,0.00,700.00,4.00,232,168,232,168
257 144 107 142 443 
6149,4,32.00,0.00,0.00,704.00,4.00,232,168,232,168
257 139 106 141 439 
6150,4,32.00,0.00,0.00,708.00,4.00,232,168,232,168
258 141 105 144 444 
6162,4,32.00,0.00,0.00,712.00,4.00,232,168,232,168
254 135 108 144 438 
6163,4,32.00,0.00,0.00,716.00,4.00,232,168,232,168
256 138 107 139 441 
6165,4,32.00,0.00,0.00,720.00,4.00,232,168,232,168
261 139 106 130 442 
6177,4,32.00,0.00,0.00,724.00,4.00,232,168,232,168
254 144 105 142 442 
6178,4,32.00,0.00,0.00,728.00,4.00,232,168,232,168
256 139 102 143 445 
6190,4,32.00,0.00,0.00,732.00,4.00,232,168,232,168
257 139 101 138 443 
6191,4,32.00,0.00,0.00,736.00,4.00,232,168,232,168
256 143 99 143 441 
6203,4,32.00,0.00,0.00,740.00,4.00,232,168,232,168
256 140 107 137 439 
6204,4,32.00,0.00,0.00,744.00,4.00,232,168,232,168
259 138 103 141 442 
6216,4,32.00,0.00,0.00,748.00,4.00,232,168,232,168
258 144 100 143 442 
6217,4,32.00,0.00,0.00,752.00,4.00,232,168,232,168
255 149 109 144 447 
6229,4,32.00,0.00,0.00,756.00,4.00,232,168,232,168
253 139 103 139 443 
6230,4,32.00,0.00,0.00,760.00,4.00,232,168,232,168
243 144 107 143 443 
6242,4,32.00,0.00,0.00,764.00,4.00,232,168,232,168
255 139 107 144 443 
6244,4,32.00,0.00,0.00,768.00,4.00,232,168,232,168
256 139 104 138 439 
6255,4,32.00,0.00,0.00,772.00,4.00,232,168,232,168
256 139 103 137 439 
6257,4,32.00,0.00,0.00,776.00,4.00,232,168,232,168
254 139 104 144 443 
6268,4,32.00,0.00,0.00,780.00,4.00,232,168,232,168
254 141 102 141 439 
6270,4,32.00,0.00,0.00,784.00,4.00,232,168,232,168
255 143 107 142 441 
6281,4,32.00,0.00,0.00,788.00,4.00,232,168,232,168
256 137 105 143 442 
6283,4,32.00,0.00,0.00,792.00,4.00,232,168,232,168
251 137 102 138 438 
6295,4,32.00,0.00,0.00,796.00,4.00,232,168,232,168
257 141 105 144 443 
6296,4,32.00,0.00,0.00,800.00,4.00,232,168,232,168
258 134 105 138 439 
6308,4,32.00,0.00,0.00,804.00,4.00,232,168,232,168
254 139 103 140 445 
6309,4,32.00,0.00,0.00,808.00,4.00,232,168,232,168
255 144 106 134 438 
6321,4,32.00,0.00,0.00,812.00,4.00,232,168,232,168
257 143 106 144 442 
6322,4,32.00,0.00,0.00,816.00,4.00,232,168,232,168
256 142 102 140 437 
6334,4,32.00,0.00,0.00,820.00,4.00,232,168,232,168
256 142 102 139 437 
6335,4,32.00,0.00,0.00,824.00,4.00,232,168,232,168
257 139 105 139 447 
6347,4,32.00,0.00,0.00,828.00,4.00,232,168,232,168
256 140 106 141 442 
6348,4,32.00,0.00,0.00,832.00,4.00,232,168,232,168
257 157 106 143 439 
6360,4,32.00,0.00,0.00,836.00,4.00,232,168,232,168
255 142 107 143 437 
6362,4,32.00,0.00,0.00,840.00,4.00,232,168,232,168
256 139 100 139 443 
6373,4,32.00,0.00,0.00,844.00,4.00,232,168,232,168
257 145 105 135 438 
6375,4,32.00,0.00,0.00,848.00,4.00,232,168,232,168
256 135 109 141 442 
6386,4,32.00,0.00,0.00,852.00,4.00,232,168,232,168
254 137 106 142 445 
6388,4,32.00,0.00,0.00,856.00,4.00,232,168,232,168
254 142 149 144 443 
6399,4,32.00,0.00,0.00,860.00,4.00,232,168,232,168
256 143 129 140 444 
6401,4,32.00,0.00,0.00,864.00,4.00,232,168,232,168
256 144 109 144 442 
6402,4,32.00,0.00,0.00,868.00,4.00,232,168,232,168
257 144 103 145 442 
6414,4,32.00,0.00,0.00,872.00,4.00,232,168,232,168
256 141 112 139 442 
6415,4,32.00,0.00,0.00,876.00,4.00,232,168,232,168
256 134 109 145 439 
6427,4,32.00,0.00,0.00,880.00,4.00,232,168,232,168
253 138 110 144 454 
6429,4,32.00,0.00,0.00,884.00,4.00,232,168,232,168
257 141 106 141 442 
6440,4,32.00,0.00,0.00,888.00,4.00,232,168,232,168
256 142 103 142 425 
6442,4,32.00,0.00,0.00,892.00,4.00,232,168,232,168
254 139 101 144 433 
6453,4,32.00,0.00,0.00,896.00,4.00,232,168,232,168
256 142 101 143 443 
6455,4,32.00,0.00,0.00,900.00,4.00,232,168,232,168
256 139 102 139 443 
6466,4,32.00,0.00,0.00,904.00,4.00,232,168,232,168
261 144 107 141 442 
6468,4,32.00,0.00,0.00,908.00,4.00,232,168,232,168
256 144 94 140 443 
6480,4,32.00,0.00,0.00,912.00,4.00,232,168,232,168
257 144 106 138 443 
6481,4,32.00,0.00,0.00,916.00,4.00,232,168,232,168
254 142 109 143 443 
6493,4,32.00,0.00,0.00,920.00,4.00,232,168,232,168
254 144 105 138 445 
6494,4,32.00,0.00,0.00,924.00,4.00,232,168,232,168
255 137 104 144 442 
6506,4,32.00,0.00,0.00,928.00,4.00,232,168,232,168
256 142 105 144 439 
6507,4,32.00,0.00,0.00,932.00,4.00,232,168,232,168
255 144 102 140 443 
6519,4,32.00,0.00,0.00,936.00,4.00,232,168,232,168
253 143 111 141 439 
6520,4,32.00,0.00,0.00,940.00,4.00,232,168,232,168
255 141 105 144 444 
6532,4,32.00,0.00,0.00,944.00,4.00,152,88,229,165
256 138 106 143 439 
255 140 103 142 441 
252 142 106 144 441 
257 144 112 144 439 
253 133 112 119 444 
254 138 106 144 445 
251 132 103 142 445 
252 143 103 141 442 
256 141 101 143 443 
255 137 105 143 447 
254 140 103 144 443 
254 141 111 145 443 
254 144 109 140 439 
254 137 107 143 433 
255 144 108 142 442 
253 141 105 144 440 
244 135 102 141 443 
251 141 116 142 442 
257 134 107 143 446 
252 142 110 148 439 
254 141 107 139 443 
253 143 101 144 443 
251 141 105 139 434 
255 143 109 138 435 
251 144 106 140 438 
257 142 110 137 440 
255 138 105 139 436 
255 141 103 141 438 
253 148 109 135 435 
256 132 111 139 442 
256 134 104 142 438 
251 142 103 139 439 
254 142 103 143 435 
254 143 101 138 439 
253 142 107 143 443 
253 143 102 144 439 
254 146 103 135 435 
250 141 100 139 446 
251 141 102 141 437 
248 137 102 139 435 
256 137 103 134 437 
251 141 102 142 435 
251 138 103 135 436 
250 139 101 142 435 
250 135 102 135 435 
251 141 103 138 434 
252 141 112 137 435 
255 143 109 137 435 
254 137 102 133 434 
247 137 98 134 434 
253 138 100 133 436 
253 135 97 137 432 
249 135 103 135 437 
249 135 101 138 439 
256 134 96 134 433 
249 135 99 133 432 
253 140 99 134 432 
252 136 99 139 436 
240 133 99 135 434 
235 133 101 135 436 
241 132 99 132 435 
240 129 99 134 434 
240 130 99 136 437 
240 137 103 135 435 
240 135 96 135 433 
240 139 96 138 434 
240 131 98 133 435 
249 131 99 138 434 
254 132 98 141 436 
248 131 99 138 436 
252 137 96 137 438 
251 134 98 135 434 
250 133 102 138 436 
255 132 96 134 434 
250 134 101 136 437 
250 133 98 135 437 
247 139 99 136 433 
250 135 102 133 438 
250 135 99 133 435 
251 134 98 139 439 
251 129 99 134 439 
254 131 98 129 442 
252 130 95 136 436 
250 130 94 136 435 
247 133 98 137 441 
251 135 103 134 434 
253 139 99 137 435 
251 138 101 138 440 
259 142 99 138 433 
252 135 99 134 438 
247 137 98 138 436 
255 132 98 134 441 
253 129 103 136 437 
250 134 99 137 439 
251 129 103 136 437 
251 134 99 140 433 
257 141 92 138 434 
253 138 100 134 438 
246 141 100 138 435 
253 141 99 141 441 
253 141 102 132 434 
253 139 98 136 437 
250 139 99 134 438 
249 129 96 137 440 
255 136 100 136 435 
253 136 99 135 437 
249 135 103 135 437 
247 141 100 137 438 
253 141 98 135 433 
251 141 103 134 435 
249 135 98 135 436 
246 137 102 141 435 
254 133 96 139 435 
249 130 97 134 433 
247 133 99 137 433 
250 134 99 133 439 
247 133 97 139 435 
247 137 99 139 435 
252 143 100 133 434 
250 135 105 134 434 
250 135 98 139 433 
256 139 100 139 437 
250 144 99 139 435 
246 135 102 132 434 
251 136 95 134 437 
251 133 97 134 433 
253 134 101 137 435 
250 139 98 129 434 
247 133 101 139 434 
250 137 98 137 439 
247 133 95 135 432 
254 139 98 135 438 
252 130 97 137 434 
247 130 102 133 439 
251 131 101 133 432 
253 133 99 138 435 
246 131 98 133 434 
250 137 96 137 437 
252 134 98 134 437 
246 135 97 143 435 
246 138 99 140 437 
253 134 102 139 432 
250 135 102 132 435 
250 136 99 131 434 
250 137 99 134 436 
250 129 101 135 434 
252 131 97 132 437 
247 130 95 138 438 
250 135 98 138 432 
243 134 99 139 437 
249 136 97 135 433 
247 136 98 134 439 
246 130 99 133 434 
247 133 96 135 433 
249 139 102 137 435 
250 134 98 135 434 
251 135 96 137 434 
246 130 95 135 432 
252 138 97 139 435 
245 130 96 133 433 
246 140 98 134 434 
250 142 99 135 436 
250 138 93 142 435 
246 142 101 135 433 
251 139 98 135 438 
254 137 99 135 434 
251 131 97 133 437 
251 130 102 141 435 
255 138 99 138 438 
251 138 99 135 435 
249 134 98 135 437 
253 138 99 137 438 
251 138 99 137 438 
249 138 97 133 440 
250 144 102 135 432 
251 141 101 135 435 
247 134 98 131 434 
250 134 99 134 434 
250 137 98 137 437 
252 138 102 138 437 
249 137 97 137 439 
247 135 97 139 435 
251 137 98 135 435 
256 139 98 138 434 
251 135 99 134 435 
251 135 96 138 435 
250 135 98 139 438 
250 136 100 134 437 
249 134 96 139 434 
247 135 99 135 441 
245 135 97 138 439 
249 135 97 134 435 
250 139 101 134 436 
251 133 95 139 430 
251 138 102 135 438 
246 138 100 131 434 
251 134 98 132 435 
247 138 100 141 435 
252 130 99 133 440 
247 135 101 131 439 
248 133 102 130 437 
254 131 98 134 439 
253 126 101 143 435 
250 135 100 134 435 
253 137 98 133 433 
249 136 99 137 435 
249 131 101 133 434 
251 132 96 142 441 
250 137 98 137 439 
250 135 97 141 436 
253 131 96 137 432 
250 131 102 141 435 
249 130 106 135 438 
249 138 91 131 434 
246 138 100 134 435 
249 134 103 139 433 
249 131 98 138 434 
249 132 98 142 442 
252 135 96 134 442 
249 137 102 135 438 
250 135 97 132 433 
251 135 97 138 436 
248 128 98 135 438 
247 133 102 133 438 
250 132 102 134 439 
250 139 103 133 436 
254 143 102 135 437 
254 135 101 135 433 
247 139 99 139 437 
256 136 100 135 437 
256 142 99 134 435 
253 142 101 132 432 
247 138 100 135 439 
252 139 106 139 437 
250 135 97 135 434 
254 135 96 134 433 
249 136 97 139 432 
250 138 97 133 434 
248 135 96 134 438 
250 131 95 137 435 
251 141 103 138 438 
246 134 99 138 435 
247 138 97 132 437 
247 135 97 139 440 
247 135 99 137 439 
253 139 98 135 438 
246 137 102 122 439 
253 135 97 136 439 
250 135 97 135 435 
247 134 99 135 435 
254 142 98 133 434 
253 138 101 135 435 
249 143 99 135 434 
251 133 99 137 441 
250 137 101 135 434 
254 135 95 139 439 
251 133 95 138 435 
249 141 98 135 436 
253 137 97 134 435 
249 134 100 136 434 
251 139 100 135 434 
249 137 101 134 437 
245 126 98 137 425 
250 134 103 134 438 
250 137 97 138 439 
247 132 99 134 432 
250 138 97 138 439 
247 133 99 137 439 
247 133 96 137 432 
250 135 99 135 439 
249 131 101 140 436 
246 141 100 137 437 
250 134 98 134 441 
250 131 103 135 436 
251 140 102 135 438 
247 133 96 134 443 
249 134 99 136 435 
252 131 102 140 432 
247 132 98 139 432 
253 137 100 135 444 
252 139 99 139 437 
246 140 85 138 436 
249 140 99 134 438 
250 141 101 137 435 
247 135 98 133 436 
251 135 101 134 438 
251 137 97 137 436 
253 130 97 137 435 
250 131 97 135 437 
251 133 98 141 437 
247 139 95 138 441 
246 140 96 138 433 
252 141 97 140 435 
251 138 95 140 439 
246 138 97 138 434 
251 135 102 138 434 
251 142 101 139 435 
246 132 102 138 441 
252 137 100 135 437 
254 140 101 135 435 
247 134 98 138 442 
247 140 103 133 432 
247 135 93 137 437 
250 141 98 138 437 
250 141 100 139 437 
247 131 99 132 435 
249 139 99 133 436 
247 141 100 138 434 
246 139 100 135 435 
250 135 99 137 432 
250 134 100 133 435 
251 136 101 135 434 
245 135 97 135 433 
247 141 102 132 440 
254 133 101 136 433 
246 141 100 142 437 
252 138 103 141 434 
251 138 99 135 437 
250 132 99 137 435 
250 129 103 135 434 
251 138 102 135 432 
246 137 94 134 435 
249 133 98 134 436 
247 132 98 135 435 
247 135 101 142 433 
252 138 97 142 435 
251 137 97 138 435 
242 128 103 134 434 
251 132 98 133 433 
249 131 97 134 439 
247 134 99 135 435 
253 139 98 137 434 
251 134 99 137 432 
252 137 95 138 435 
254 135 98 135 437 
249 135 99 138 442 
250 140 101 135 437 
247 136 98 135 441 
251 134 101 137 434 
250 135 103 141 436 
253 133 100 136 435 
250 132 98 141 437 
249 131 98 133 436 
245 138 97 132 437 
250 132 103 135 436 
249 141 102 137 435 
246 142 96 135 436 
249 135 100 137 438 
247 138 99 139 435 
247 134 99 133 434 
255 133 100 132 437 
252 130 101 135 439 
247 135 98 138 441 
249 130 100 138 433 
246 139 96 140 435 
254 135 97 139 438 
250 139 100 136 436 
250 137 98 135 433 
254 141 98 135 437 
249 140 99 134 432 
251 140 102 139 435 
248 135 97 133 432 
249 132 102 138 438 
249 134 98 135 435 
249 138 98 137 433 
251 141 96 138 438 
248 140 98 135 436 
247 137 97 137 436 
247 139 99 137 434 
250 139 109 139 436 
246 139 99 133 437 
254 142 99 142 433 
249 140 99 134 438 
246 134 99 131 433 
254 133 98 139 437 
251 135 99 137 433 
253 132 99 133 435 
254 135 96 135 438 
250 135 99 138 438 
250 139 96 135 435 
251 141 99 137 434 
254 139 99 139 435 
247 135 99 134 435 
253 128 103 133 434 
250 138 97 135 435 
250 133 99 134 436 
247 134 100 138 437 
250 138 101 137 441 
249 141 97 139 433 
247 131 98 132 438 
249 135 98 133 437 
251 134 96 128 435 
248 134 102 135 438 
251 133 99 135 435 
249 129 99 140 434 
250 134 95 135 433 
247 137 100 139 437 
251 139 99 141 435 
255 137 101 134 434 
256 137 95 138 433 
249 139 100 135 439 
254 135 99 131 438 
247 130 101 134 437 
247 135 95 139 437 
250 135 108 141 434 
250 134 97 138 437 
250 135 98 133 433 
253 134 101 139 435 
254 138 101 139 432 
245 133 101 134 436 
256 139 96 139 439 
247 138 98 135 438 
255 135 97 133 434 
256 139 97 124 439 
247 133 97 138 439 
255 131 98 139 435 
244 131 103 139 434 
251 129 96 134 435 
247 131 99 141 438 
250 132 99 139 437 
248 141 97 133 435 
251 137 102 140 437 
250 134 98 132 436 
249 141 103 134 436 
245 135 101 135 437 
247 139 98 137 435 
242 131 102 135 434 
251 134 98 133 432 
249 139 103 132 436 
245 137 99 137 439 
247 135 100 135 437 
251 135 99 137 433 
252 138 96 138 434 
242 139 97 135 434 
253 138 102 139 438 
248 141 100 133 439 
247 142 98 133 433 
251 137 97 144 437 
243 134 98 138 435 
250 140 97 133 436 
251 133 96 138 434 
251 137 99 135 435 
251 138 97 139 437 
249 134 86 133 434 
250 141 100 135 433 
249 133 97 137 434 
250 139 98 134 435 
247 133 100 138 438 
251 136 102 134 435 
249 138 99 137 439 
252 141 106 134 441 
254 134 102 134 438 
250 141 98 134 438 
243 135 96 134 438 
254 134 101 134 433 
251 131 98 139 436 
251 137 95 137 438 
255 134 103 134 434 
249 133 95 139 434 
243 134 100 134 439 
246 133 100 134 438 
251 136 101 141 433 
250 133 99 137 434 
249 135 106 135 438 
254 133 100 139 434 
247 139 105 133 436 
251 133 99 138 434 
256 135 97 138 432 
250 137 99 138 435 
251 132 100 138 432 
249 133 103 135 440 
251 129 99 135 436 
250 134 100 137 446 
251 135 98 133 438 
249 133 101 132 436 
247 134 98 133 441 
251 137 102 137 435 
247 138 102 138 436 
254 138 97 135 437 
249 133 96 134 432 
250 132 103 138 438 
251 133 102 137 441 
249 138 98 134 435 
250 131 97 135 437 
250 134 106 134 435 
251 143 97 139 434 
251 141 99 139 434 
252 142 97 137 433 
251 141 99 137 436 
248 144 102 137 437 
249 142 99 131 437 
250 135 101 140 432 
249 137 100 138 435 
253 134 103 140 434 
250 133 98 138 437 
249 138 96 138 435 
249 135 100 135 434 
247 141 102 137 437 
250 140 106 135 439 
250 137 96 136 434 
251 141 98 141 435 
251 138 101 134 439 
247 135 101 139 438 
247 135 104 135 435 
251 134 97 141 436 
251 137 98 138 435 
261 134 107 138 435 
247 139 84 135 434 
250 139 100 138 437 
253 133 96 131 439 
252 138 98 134 434 
247 135 97 131 442 
245 138 98 135 439 
247 137 102 138 437 
247 138 102 135 435 
245 135 100 140 434 
245 138 95 135 434 
247 138 103 135 441 
249 137 103 135 437 
243 139 99 137 433 
250 137 99 138 434 
248 134 98 134 435 
249 135 99 137 433 
247 135 98 132 438 
250 134 103 134 436 
251 130 101 144 437 
255 138 102 124 437 
250 134 99 137 437 
245 134 99 139 436 
250 135 101 136 441 
251 140 99 134 437 
250 136 99 133 438 
246 133 96 139 439 
248 133 99 136 435 
247 133 99 139 433 
251 138 96 133 438 
247 133 98 138 433 
250 134 100 134 433 
252 133 97 132 438 
251 140 102 133 438 
248 137 99 134 436 
246 133 95 134 436 
245 140 99 135 434 
246 137 96 134 435 
246 133 100 135 437 
245 134 102 135 435 
249 133 99 135 440 
250 139 98 138 438 
257 141 97 142 436 
250 138 102 133 439 
256 143 97 137 436 
244 142 100 134 435 
247 138 98 137 434 
249 140 97 135 439 
248 141 100 141 437 
251 133 98 134 432 
252 138 98 134 437 
249 134 97 135 435 
247 138 98 140 436 
249 134 100 135 436 
250 138 97 140 434 
246 143 98 139 437 
250 143 96 138 435 
255 141 98 137 438 
250 135 100 141 439 
251 137 101 138 434 
248 141 98 139 438 
246 131 97 131 438 
256 138 96 139 438 
244 135 101 141 435 
249 138 101 137 437 
249 135 97 141 438 
249 138 96 135 436 
251 142 97 134 436 
252 139 99 135 439 
250 144 98 135 437 
250 139 102 138 435 
253 135 102 137 435 
256 131 100 138 437 
249 133 96 137 433 
247 133 95 139 436 
250 135 102 134 437 
250 137 94 139 439 
251 138 105 134 434 
250 137 101 134 432 
251 135 97 139 435 
253 134 99 135 439 
246 134 95 139 438 
249 134 99 135 439 
247 134 101 133 434 
249 135 101 139 438 
250 133 101 135 436 
255 134 99 134 433 
250 135 101 136 442 
245 138 94 138 439 
247 134 101 138 437 
250 133 100 135 440 
249 132 102 135 435 
248 130 87 134 437 
246 133 101 131 435 
251 135 99 135 436 
249 133 98 139 433 
252 134 98 137 437 
252 141 97 139 436 
251 139 101 141 435 
250 138 98 137 434 
247 144 98 134 434 
249 137 98 132 437 
248 139 101 139 436 
243 131 98 134 437 
245 133 101 134 433 
249 130 101 134 433 
246 134 97 135 436 
250 136 98 133 434 
253 141 98 135 434 
254 141 102 142 433 
254 138 101 135 434 
245 140 96 138 439 
247 143 102 134 439 
249 137 101 138 437 
250 138 99 134 434 
247 135 101 133 435 
251 135 99 134 435 
247 140 105 131 434 
249 139 101 134 435 
249 140 100 135 434 
251 133 95 139 437 
250 143 99 134 432 
252 141 99 134 438 
251 139 99 134 441 
249 143 99 134 435 
251 133 96 134 443 
247 133 98 139 434 
247 139 97 135 435 
247 137 97 135 434 
250 138 99 131 437 
250 138 99 139 433 
250 141 98 134 436 
250 139 105 139 435 
246 136 99 134 436 
251 141 98 135 435 
247 138 101 134 437 
251 134 93 133 434 
249 134 101 135 438 
252 142 105 138 439 
251 135 96 139 436 
253 136 103 139 439 
244 135 99 138 435 
251 139 100 131 437 
251 133 101 134 438 
250 137 97 134 432 
250 135 97 139 438 
253 135 103 134 442 
247 135 101 138 435 
249 131 98 133 437 
250 138 99 133 434 
246 136 101 133 435 
249 140 108 133 437 
251 137 101 139 435 
251 140 100 137 438 
251 139 99 135 443 
253 138 101 138 433 
249 134 98 137 438 
246 144 106 138 439 
251 135 96 133 438 
250 131 99 138 438 
247 134 99 142 438 
249 134 97 138 443 
251 142 102 135 438 
250 141 103 138 432 
250 137 99 141 435 
254 139 101 135 438 
251 137 98 133 441 
249 129 101 135 441 
247 134 100 135 438 
246 132 100 137 439 
254 130 102 134 435 
246 138 99 141 437 
247 138 106 135 437 
250 133 99 138 439 
247 139 99 134 433 
247 139 96 137 438 
255 143 102 135 440 
248 134 101 137 434 
251 142 101 131 443 
253 137 101 133 435 
244 142 96 140 433 
251 135 101 138 434 
253 133 98 139 438 
251 133 98 135 439 
247 139 103 134 434 
250 138 102 138 432 
250 144 100 141 439 
250 141 101 142 436 
250 141 102 134 436 
249 132 103 137 439 
249 139 97 143 435 
249 135 98 139 437 
249 138 97 142 437 
255 138 96 137 434 
250 131 98 135 437 
255 138 98 134 435 
250 139 100 140 435 
247 135 98 140 437 
251 139 98 138 437 
250 134 98 137 436 
249 135 96 134 436 
247 138 100 137 437 
254 135 98 137 436 
247 135 99 137 435 
251 135 102 134 434 
249 138 101 138 439 
250 138 98 142 438 
251 137 101 139 438 
249 130 100 131 441 
249 135 98 139 436 
246 133 101 141 439 
249 137 102 133 439 
247 132 97 139 436 
248 134 103 138 438 
253 133 99 142 441 
246 138 101 135 438 
250 131 98 138 439 
247 138 99 137 438 
250 139 98 137 436 
251 138 99 135 437 
249 138 102 137 438 
250 132 100 142 436 
251 135 99 139 435 
249 129 97 137 439 
249 134 99 138 438 
245 131 98 137 440 
250 139 99 144 437 
251 138 99 133 435 
253 144 99 137 432 
246 135 96 140 437 
253 141 103 135 438 
247 136 96 136 435 
248 135 106 135 434 
242 141 99 135 438 
247 136 99 139 437 
252 138 99 144 438 
249 135 98 139 437 
249 137 101 134 437 
247 139 106 136 435 
248 142 102 134 434 
250 139 99 133 435 
253 137 102 138 438 
252 143 102 144 438 
247 141 99 138 442 
251 134 107 134 435 
247 141 98 137 432 
250 139 99 137 433 
252 134 99 134 435 
247 138 97 141 435 
249 141 101 140 446 
254 144 98 135 435 
253 139 101 135 437 
251 135 98 138 432 
251 139 98 140 432 
251 140 101 137 433 
243 133 101 135 437 
253 135 102 139 434 
253 135 99 134 437 
247 135 98 138 436 
249 137 101 136 438 
247 138 100 132 435 
251 143 101 137 438 
250 135 102 139 435 
250 134 98 132 437 
246 133 101 135 434 
251 137 102 143 433 
247 138 98 133 435 
249 134 99 139 435 
245 139 102 134 437 
249 140 97 133 435 
251 139 95 136 435 
251 139 99 141 441 
254 141 104 141 437 
245 130 100 137 437 
242 135 99 136 439 
250 131 101 139 435 
248 140 96 138 438 
251 139 105 134 437 
252 143 94 138 435 
249 141 99 143 434 
246 134 99 135 442 
246 138 97 134 438 
249 139 97 139 437 
246 135 101 137 438 
247 138 99 138 437 
254 139 101 142 434 
246 134 99 136 438 
250 133 98 136 434 
249 133 101 139 437 
250 131 98 134 442 
251 132 98 139 436 
250 137 99 132 435 
247 139 97 135 439 
249 138 105 138 435 
253 135 99 137 438 
249 142 99 139 440 
250 131 99 134 438 
251 134 102 134 433 
248 135 101 133 439 
250 134 99 134 438 
249 135 96 139 437 
250 141 99 134 439 
250 138 101 137 433 
253 140 101 135 436 
251 144 100 134 437 
253 141 103 135 433 
250 139 95 133 441 
250 141 102 137 435 
251 139 101 137 438 
251 135 96 133 434 
246 138 97 138 435 
247 136 102 139 436 
244 142 101 138 437 
251 137 100 134 438 
249 140 99 137 437 
250 138 100 134 438 
254 141 101 134 435 
252 143 102 137 434 
250 134 98 135 437 
253 135 104 139 436 
249 136 99 139 438 
249 137 96 139 437 
249 138 96 139 435 
249 139 103 135 433 
250 141 102 137 438 
251 134 101 138 434 
254 137 100 141 436 
250 138 101 138 440 
249 139 102 137 437 
248 132 100 135 435 
251 135 98 137 438 
249 138 97 133 433 
249 135 96 134 438 
247 133 98 137 435 
251 138 98 134 434 
243 138 101 133 439 
246 137 102 138 434 
247 133 97 138 434 
250 130 99 137 437 
247 134 99 133 435 
247 132 96 139 435 
252 129 99 143 441 
251 135 95 139 438 
252 135 103 135 435 
253 138 96 138 442 
247 131 97 138 435 
250 138 101 134 438 
249 139 99 137 437 
250 139 99 140 437 
245 134 97 134 440 
247 131 101 141 438 
254 139 99 136 437 
249 135 104 139 441 
249 139 97 136 441 
251 136 100 138 442 
254 141 101 142 438 
251 140 99 144 437 
252 142 101 135 437 
246 136 102 137 449 
251 135 100 133 434 
253 143 97 134 435 
251 138 98 134 436 
251 139 102 138 437 
250 133 98 140 438 
246 137 102 131 437 
251 134 98 139 442 
249 139 99 135 438 
251 134 101 140 435 
251 141 95 134 440 
240 138 99 141 435 
246 141 99 139 437 
253 138 101 139 439 
247 135 99 138 435 
245 138 102 141 438 
249 135 105 135 441 
251 144 101 134 437 
247 139 98 138 438 
249 138 103 136 439 
251 139 97 142 435 
249 139 101 139 435 
254 135 98 135 438 
252 139 96 137 432 
254 134 105 134 438 
246 137 94 139 439 
251 137 103 139 437 
247 134 99 139 436 
254 138 99 139 441 
254 131 99 135 438 
251 139 101 138 434 
252 136 98 137 437 
250 138 96 137 433 
257 142 102 133 438 
251 137 97 133 434 
251 135 87 135 441 
253 131 97 133 439 
246 138 100 134 439 
250 138 99 135 438 
247 139 98 141 441 
247 135 96 137 435 
249 138 98 140 435 
251 140 101 140 435 
243 142 98 139 439 
247 142 102 139 438 
250 135 101 135 434 
250 133 103 139 438 
246 128 94 139 438 
252 138 102 139 441 
249 133 102 140 438 
253 135 99 134 436 
253 134 96 141 441 
250 137 98 135 433 
249 135 101 135 432 
250 138 97 137 434 
250 135 98 138 437 
253 132 100 141 436 
249 133 101 135 436 
249 134 102 137 438 
251 131 99 138 438 
245 139 102 135 434 
251 135 100 137 438 
247 141 99 141 441 
254 142 103 135 439 
254 141 99 135 437 
250 135 100 137 437 
246 138 99 139 441 
249 135 99 135 437 
251 134 99 141 437 
250 137 96 137 439 
250 135 102 140 436 
246 137 101 138 440 
247 139 102 139 436 
250 133 99 136 441 
250 139 103 139 438 
246 144 100 138 437 
253 137 99 141 432 
247 138 95 130 433 
250 140 100 137 433 
254 140 96 141 439 
250 139 99 138 439 
249 138 98 140 439 
247 134 99 135 438 
244 142 98 135 437 
247 138 98 136 440 
251 134 101 137 437 
251 139 101 135 436 
247 143 96 139 437 
250 137 100 137 437 
247 134 99 137 435 
254 133 99 138 442 
249 134 98 134 439 
253 131 103 135 436 
254 136 102 133 438 
251 135 98 140 433 
250 138 98 135 436 
254 140 93 140 438 
251 139 101 134 436 
251 141 99 137 438 
250 137 96 141 439 
247 129 105 134 435 
249 135 102 137 438 
254 131 102 135 437 
251 131 99 134 438 
251 138 101 134 442 
247 135 100 134 437 
250 135 101 138 438 
252 134 104 141 444 
247 133 96 135 438 
253 133 102 135 434 
246 136 99 143 437 
247 130 99 135 437 
250 133 100 133 437 
250 134 100 134 439 
252 134 96 141 438 
253 138 96 137 438 
251 134 98 138 435 
249 137 102 139 437 
253 142 107 135 438 
251 138 100 140 439 
247 138 102 137 435 
250 138 98 134 439 
248 135 100 137 439 
253 135 101 135 438 
252 139 102 141 438 
251 134 105 135 433 
255 138 102 137 437 
249 139 95 135 435 
254 140 102 134 442 
246 139 99 143 435 
250 138 100 135 439 
251 143 102 135 437 
245 138 101 133 437 
246 135 100 137 438 
261 135 101 136 432 
253 135 98 139 436 
247 142 99 139 437 
249 140 101 138 437 
251 135 99 143 437 
249 137 97 134 434 
248 147 98 136 439 
253 141 97 137 435 
252 143 105 142 442 
248 135 101 138 442 
249 135 96 135 442 
249 137 99 141 440 
247 141 99 133 438 
251 137 99 139 435 
251 143 101 140 438 
252 134 99 136 438 
253 141 101 134 436 
250 140 100 133 442 
256 142 103 131 433 
251 138 95 135 438 
250 133 99 139 434 
247 134 101 140 435 
247 139 101 141 439 
251 141 99 137 438 
253 137 100 140 437 
251 138 99 134 437 
251 141 101 134 437 
246 139 101 139 437 
249 139 107 137 437 
246 144 97 132 433 
254 134 99 140 437 
252 135 99 133 439 
249 134 96 135 438 
256 137 101 136 437 
250 133 102 130 436 
253 140 103 138 438 
253 137 99 132 439 
250 138 96 142 439 
247 139 102 139 437 
245 142 99 132 437 
253 133 102 135 439 
249 129 100 135 438 
249 135 97 139 443 
250 137 101 139 437 
251 140 98 139 439 
250 138 96 130 437 
247 137 98 134 436 
246 140 100 139 437 
249 139 98 134 435 
254 139 111 139 439 
247 139 99 135 440 
252 140 99 134 438 
252 134 107 142 437 
254 131 102 139 441 
249 133 99 133 435 
250 135 99 137 441 
253 144 105 125 437 
250 143 102 138 437 
251 140 102 133 438 
247 141 100 135 435 
254 139 100 137 438 
251 133 99 137 434 
251 133 100 142 437 
250 143 106 134 439 
254 142 96 141 441 
249 143 99 138 439 
254 138 96 141 435 
246 134 103 138 435 
254 137 100 138 437 
250 137 98 139 441 
247 139 101 142 437 
253 139 100 135 438 
247 141 97 135 437 
247 141 99 141 438 
256 135 102 136 435 
247 138 100 139 437 
247 138 101 137 438 
253 135 94 135 436 
247 141 98 138 439 
251 144 101 139 438 
252 137 100 138 434 
251 138 99 139 433 
249 142 99 134 437 
249 140 98 135 440 
246 140 103 139 435 
248 137 102 138 439 
243 138 98 138 439 
247 134 99 139 437 
247 140 99 144 436 
249 139 99 142 434 
253 137 96 138 437 
251 137 99 133 434 
252 137 98 140 435 
247 130 103 138 440 
250 133 98 139 439 
246 132 102 138 439 
251 138 103 138 439 
253 143 99 138 439 
250 137 98 139 437 
251 137 101 136 434 
251 137 100 137 438 
251 134 103 142 435 
252 134 98 137 438 
250 134 102 134 433 
250 139 100 142 439 
253 134 99 134 434 
247 134 99 131 437 
247 137 99 138 438 
251 139 103 139 435 
250 140 98 135 432 
251 139 99 135 441 
253 142 101 135 435 
253 137 103 139 439 
248 139 102 135 442 
243 139 101 141 439 
251 134 97 138 436 
250 132 106 137 437 
254 134 98 139 439 
247 132 105 137 439 
245 131 106 140 438 
255 143 102 142 434 
250 143 99 138 441 
257 141 102 139 437 
247 141 101 139 442 
249 137 97 138 443 
250 139 102 139 435 
249 138 99 135 435 
255 134 99 139 438 
254 133 97 133 436 
249 136 98 138 437 
251 138 102 134 435 
250 141 101 135 437 
254 136 99 135 435 
249 144 102 138 435 
250 139 105 137 437 
251 142 101 136 437 
247 137 100 139 438 
248 142 99 137 436 
247 129 101 135 438 
249 137 101 142 444 
246 139 102 135 439 
251 142 103 138 443 
249 134 97 135 435 
249 139 101 142 436 
253 139 101 141 439 
249 138 101 133 438 
253 144 101 134 437 
251 140 99 137 437 
247 134 99 135 438 
251 130 97 133 439 
251 134 97 137 441 
251 135 100 142 438 
251 131 102 144 434 
251 139 98 137 442 
248 133 99 140 434 
256 141 97 139 435 
250 141 96 138 442 
251 132 99 138 437 
245 133 97 139 439 
251 131 99 137 438 
250 136 98 134 435 
247 138 99 139 441 
250 134 101 137 437 
249 139 99 136 435 
250 139 100 135 437 
250 134 99 135 437 
250 141 101 135 437 
250 133 100 135 434 
247 138 100 138 435 
251 131 98 139 435 
253 133 105 141 437 
249 133 101 134 442 
250 133 100 133 439 
254 141 96 138 437 
250 134 98 138 435 
252 137 102 141 437 
246 144 98 137 435 
246 138 101 134 439 
251 140 98 142 442 
250 138 103 140 435 
249 139 105 141 439 
254 140 101 137 437 
247 135 101 133 435 
250 137 102 138 438 
250 139 98 135 437 
247 143 97 137 432 
245 142 97 133 439 
251 142 110 142 443 
250 141 98 135 435 
250 135 101 143 434 
251 135 106 135 435 
247 140 104 137 433 
248 134 103 144 442 
251 131 101 135 435 
251 135 103 134 438 
253 133 103 138 439 
251 140 101 137 439 
251 135 101 144 436 
245 138 96 140 435 
254 141 99 138 434 
253 141 100 139 436 
247 138 98 132 434 
246 133 100 138 436 
256 139 100 139 436 
250 137 99 135 439 
251 142 102 137 439 
243 137 101 139 434 
251 135 98 134 435 
249 139 98 140 437 
247 136 103 139 442 
251 137 106 137 435 
248 134 97 134 441 
244 138 102 138 440 
246 129 98 137 433 
249 139 99 135 437 
256 135 103 134 435 
246 144 99 135 434 
251 139 99 141 433 
247 134 101 137 436 
251 138 99 135 439 
251 137 103 135 436 
249 134 101 138 435 
244 135 102 139 435 
250 137 99 137 437 
248 133 98 134 437 
245 138 99 133 434 
251 136 96 142 433 
250 136 100 130 438 
246 134 102 142 438 
254 135 98 137 429 
251 136 106 142 433 
250 138 100 150 434 
250 131 99 138 438 
246 133 101 134 435 
253 136 97 139 437 
250 135 98 136 435 
250 140 98 138 437 
250 134 100 136 435 
250 135 99 134 436 
252 141 100 137 434 
249 144 98 138 439 
250 142 99 135 438 
252 144 101 141 436 
250 139 103 137 438 
250 141 101 137 435 
254 135 101 133 438 
249 138 99 135 437 
248 137 98 139 437 
254 141 97 135 436 
249 138 98 134 438 
245 142 100 137 437 
251 142 99 135 434 
246 141 101 138 435 
251 141 96 133 437 
256 142 99 142 437 
246 135 99 139 437 
249 139 97 135 439 
250 135 101 136 434 
249 138 99 138 432 
247 134 100 135 437 
252 138 100 137 434 
250 140 98 139 439 
249 138 101 138 440 
255 139 99 134 438 
253 133 102 135 439 
250 140 107 138 435 
250 130 102 130 434 
247 138 105 138 441 
250 134 97 134 442 
253 142 103 137 435 
245 135 97 138 436 
247 139 98 135 440 
247 135 102 138 434 
254 138 101 135 439 
249 142 102 138 433 
250 134 101 135 432 
256 135 102 135 435 
248 135 99 137 439 
252 137 99 135 438 
247 131 96 139 437 
253 135 101 144 433 
247 135 100 134 437 
250 138 99 139 437 
253 136 103 135 438 
250 134 97 135 432 
251 133 100 140 439 
247 137 97 139 436 
251 134 103 138 437 
251 130 105 135 437 
251 135 98 138 435 
252 133 99 134 435 
252 138 96 137 436 
253 138 98 139 435 
249 132 98 135 438 
246 138 100 139 433 
247 138 99 138 437 
250 135 101 135 435 
250 138 98 139 438 
252 140 101 141 435 
245 138 104 140 438 
251 140 107 141 433 
254 134 102 139 437 
250 138 101 137 437 
251 142 107 138 437 
247 144 102 133 437 
245 141 99 139 432 
250 144 102 139 437 
249 139 99 137 432 
247 138 99 134 437 
247 138 98 136 435 
250 134 94 135 439 
251 134 97 137 433 
241 137 96 132 434 
251 140 99 133 432 
246 138 101 134 437 
250 140 99 137 437 
250 135 99 135 439 
247 141 98 139 432 
249 134 99 135 435 
252 138 101 141 435 
245 141 100 141 436 
249 136 100 141 437 
246 141 99 135 439 
249 138 98 139 437 
250 141 101 140 433 
250 133 103 139 435 
248 139 97 136 435 
250 135 100 139 437 
250 144 100 139 435 
247 134 98 139 433 
249 134 105 140 433 
248 138 103 135 438 
247 139 98 135 439 
250 131 101 134 435 
247 134 106 133 436 
249 142 99 138 435 
247 143 98 140 432 
250 139 96 133 438 
251 138 94 139 435 
248 138 99 139 436 
249 132 98 138 435 
247 133 106 138 439 
254 138 99 142 433 
250 137 103 138 437 
254 139 98 134 435 
250 134 96 140 435 
250 139 101 139 435 
251 134 97 137 438 
247 141 98 142 433 
251 139 101 138 435 
251 139 99 136 441 
249 134 98 139 438 
254 135 101 138 440 
250 133 101 141 438 
247 134 96 134 437 
252 139 100 137 437 
251 138 101 138 438 
251 137 96 136 435 
248 139 101 133 435 
247 139 103 138 443 
251 140 97 139 437 
251 137 95 139 436 
250 139 100 138 434 
245 133 101 139 435 
250 134 98 137 433 
250 134 98 137 436 
249 138 99 135 435 
254 141 101 138 435 
250 141 97 137 432 
250 143 101 134 437 
254 140 101 135 435 
251 143 99 139 438 
255 139 99 138 437 
251 141 99 138 435 
246 144 102 137 441 
253 141 99 139 438 
246 135 105 138 442 
251 141 100 139 439 
253 138 106 142 436 
253 137 100 130 435 
254 139 97 140 437 
247 142 100 138 436 
249 141 97 138 436 
249 138 102 142 434 
249 144 96 137 439 
247 138 102 135 437 
247 140 98 135 436 
247 135 101 134 438 
250 143 97 135 439 
252 138 100 136 439 
251 138 100 140 451 
251 142 97 139 442 
251 134 102 135 435 
252 141 98 138 438 
250 140 100 141 436 
251 135 102 139 438 
250 138 99 139 434 
251 137 103 143 437 
256 135 99 137 445 
250 140 98 141 436 
254 140 99 132 437 
251 138 101 134 439 
250 134 103 139 432 
254 140 101 135 441 
250 134 101 132 435 
256 135 99 134 432 
248 135 100 139 434 
246 133 101 142 435 
250 135 99 139 439 
251 139 101 139 438 
254 139 98 138 441 
247 137 98 140 437 
247 138 98 138 438 
251 135 102 139 435 
240 135 100 139 435 
250 134 99 140 437 
253 129 102 139 439 
253 136 99 135 437 
247 139 101 142 435 
246 135 98 144 439 
246 139 99 135 434 
247 135 98 138 444 
249 139 106 134 439 
249 143 102 135 435 
247 141 96 134 437 
251 140 99 135 437 
253 133 101 135 433 
249 137 101 135 437 
246 131 105 138 437 
252 134 98 139 435 
250 132 100 140 435 
247 143 98 139 441 
246 139 104 141 443 
253 137 99 138 436 
247 142 96 143 437 
246 140 98 135 441 
251 140 99 139 438 
247 134 94 137 438 
252 137 106 135 433 
251 131 98 138 435 
254 133 100 138 437 
251 138 99 134 437 
246 136 99 135 439 
256 139 96 137 435 
251 141 99 137 437 
254 141 101 138 439 
250 140 98 136 435 
247 141 99 141 437 
251 138 101 134 437 
247 138 102 136 436 
251 140 108 133 434 
247 134 101 139 438 
247 139 98 138 435 
246 138 99 139 437 
253 138 101 140 441 
249 140 98 134 437 
250 141 98 137 439 
251 139 99 139 435 
250 141 102 141 436 
251 138 98 142 438 
248 135 99 139 434 
251 138 102 141 432 
250 142 99 138 439 
247 138 105 137 436 
253 140 97 139 439 
251 134 98 138 434 
251 138 98 137 435 
250 141 102 137 434 
253 131 101 142 432 
246 134 106 141 437 
247 130 98 138 438 
249 137 99 142 437 
250 139 99 137 438 
251 136 101 137 438 
247 135 100 137 437 
252 139 101 141 441 
248 138 100 141 439 
249 135 99 139 441 
249 134 106 134 435 
253 135 98 137 439 
250 133 100 143 439 
245 135 102 139 438 
250 138 95 134 438 
252 137 99 140 436 
250 137 103 139 437 
253 133 99 139 435 
253 138 98 137 436 
251 142 110 138 435 
256 142 102 137 433 
251 141 98 138 436 
250 139 106 137 433 
247 135 100 134 438 
252 138 103 142 440 
254 137 96 138 436 
249 133 98 135 438 
253 140 100 140 436 
249 137 101 138 431 
250 138 99 134 436 
251 144 99 133 438 
247 144 101 139 442 
248 141 102 138 435 
246 139 98 140 437 
247 140 99 138 434 
250 135 101 141 442 
251 139 98 138 434 
256 142 102 138 442 
249 134 101 143 434 
254 137 101 131 439 
253 141 101 139 438 
250 143 101 138 439 
251 143 99 134 439 
247 142 99 143 434 
250 131 99 142 438 
251 140 101 139 439 
249 133 98 137 438 
247 139 101 137 434 
248 140 99 140 438 
251 135 98 138 439 
247 135 95 134 442 
250 143 103 138 437 
252 142 99 138 437 
242 134 102 137 442 
251 142 102 141 434 
250 142 101 137 446 
250 131 106 142 441 
249 141 101 138 437 
250 135 98 134 440 
251 139 102 137 438 
247 133 109 135 445 
251 139 99 135 437 
250 135 98 141 435 
247 139 102 138 435 
253 134 101 139 435 
250 133 101 137 432 
254 133 101 138 439 
248 135 101 137 437 
251 139 99 137 442 
246 134 106 142 440 
247 141 96 138 437 
250 138 107 139 438 
256 137 98 138 436 
251 141 101 139 435 
252 144 99 135 432 
250 132 103 136 432 
250 134 101 135 439 
259 135 97 132 437 
250 141 98 139 437 
251 132 102 134 437 
250 137 99 136 441 
248 137 99 137 438 
251 141 100 140 435 
247 141 101 143 442 
248 141 101 140 434 
247 138 100 141 436 
252 140 98 135 441 
249 139 100 137 434 
255 141 106 134 438 
249 137 97 131 438 
252 130 100 138 433 
253 134 97 138 434 
251 141 99 140 441 
249 142 103 136 438 
246 142 100 134 437 
253 139 97 138 433 
246 144 101 143 439 
249 144 99 139 438 
256 136 100 138 436 
253 139 102 138 438 
249 140 101 137 435 
252 135 97 141 436 
249 138 98 139 439 
249 139 102 133 434 
247 139 98 138 439 
247 139 98 132 437 
251 141 99 137 437 
256 140 99 135 435 
253 143 99 130 437 
249 143 102 139 435 
254 138 98 134 439 
247 134 98 139 439 
249 142 102 137 435 
254 138 100 137 439 
250 142 101 136 435 
250 144 102 133 437 
249 138 107 138 440 
254 141 100 135 435 
254 139 97 135 437 
252 137 99 134 437 
245 138 100 139 435 
249 141 102 138 439 
255 138 101 130 439 
250 138 100 138 438 
250 137 102 128 437 
256 138 103 133 432 
255 139 99 137 439 
249 135 101 137 435 
248 133 96 134 437 
247 139 102 139 439 
245 134 96 135 435 
250 137 100 138 435 
248 137 102 139 432 
251 135 98 134 439 
246 137 102 133 436 
254 138 103 137 437 
249 142 105 138 435 
252 137 101 137 434 
249 142 98 134 435 
250 138 97 135 434 
254 139 103 134 433 
247 139 102 139 437 
246 135 101 143 439 
251 133 99 135 435 
250 139 99 134 435 
251 135 102 138 434 
250 144 98 137 436 
249 140 92 139 438 
251 139 99 141 441 
249 139 98 135 442 
254 142 99 138 442 
252 142 100 134 437 
249 137 99 139 443 
251 134 108 133 433 
253 131 101 138 438 
251 136 99 140 435 
253 138 98 141 437 
255 144 101 135 436 
251 134 102 137 437 
251 141 103 138 437 
253 139 99 140 435 
255 143 102 138 435 
246 140 101 137 438 
267 133 99 138 437 
249 138 99 132 439 
247 138 99 140 436 
248 137 101 138 439 
245 135 102 140 435 
247 139 99 140 435 
251 140 110 134 439 
260 138 96 135 437 
247 144 98 134 434 
252 143 102 140 438 
249 141 102 137 437 
251 140 100 134 437 
250 139 98 139 435 
255 139 99 138 441 
249 138 104 135 438 
245 138 103 136 435 
254 138 95 138 439 
249 135 106 137 438 
249 139 99 139 438 
256 143 99 135 436 
250 139 103 138 439 
249 139 100 135 437 
247 134 101 132 442 
243 144 100 136 438 
250 135 97 138 432 
252 135 105 138 442 
249 138 99 141 438 
255 135 101 135 439 
249 140 102 140 435 
250 137 99 139 442 
252 130 98 141 430 
250 143 98 137 435 
247 132 98 139 435 
251 131 102 136 437 
250 135 101 138 435 
251 139 96 137 439 
249 138 98 139 438 
249 149 89 137 436 
247 140 102 137 441 
251 142 102 135 438 
254 140 106 134 435 
250 135 99 139 434 
255 138 100 135 435 
250 141 99 135 436 
253 133 101 143 434 
250 134 99 136 433 
254 136 101 137 438 
253 143 98 138 436 
250 142 97 139 437 
253 138 100 128 434 
257 139 101 139 435 
253 141 100 139 435 
250 142 103 137 438 
249 141 102 137 434 
253 144 98 141 437 
253 134 101 137 437 
252 135 104 138 435 
254 144 98 142 438 
249 141 99 137 439 
252 139 98 137 441 
255 140 101 135 441 
253 142 102 139 438 
253 143 103 131 442 
250 140 102 135 436 
246 143 103 139 442 
257 143 101 134 435 
252 135 102 140 437 
251 142 101 143 441 
249 134 100 138 439 
250 136 99 141 438 
253 141 101 137 435 
250 141 99 144 432 
250 144 97 139 437 
253 142 101 140 435 
253 135 100 137 438 
255 137 98 141 442 
251 138 94 138 438 
251 138 100 138 439 
245 137 101 140 437 
253 137 98 139 437 
254 138 102 139 437 
253 141 96 138 439 
254 144 103 142 437 
254 141 101 135 441 
254 133 106 138 438 
250 139 102 141 440 
254 144 108 135 439 
253 139 107 140 439 
254 141 101 135 438 
249 141 98 139 442 
257 140 102 141 444 
251 141 101 141 442 
256 144 100 141 443 
256 139 106 140 432 
255 141 101 141 446 
256 144 108 144 439 
253 135 103 141 442 
253 139 102 143 442 
253 138 106 138 446 
256 141 100 143 443 
256 143 103 141 444 
256 144 105 142 443 
256 142 109 144 447 
262 146 103 144 443 
256 141 106 142 439 
258 144 104 142 447 
256 144 103 142 448 
256 140 108 139 443 
256 141 107 144 446 
257 141 105 143 446 
261 143 105 144 448 
258 144 106 144 448 
259 147 101 144 449 
258 146 106 144 447 
266 146 110 144 448 
263 145 110 144 441 
261 145 110 142 447 
260 144 108 144 448 
261 145 110 143 452 
261 147 106 144 451 
261 151 107 145 450 
267 145 107 146 448 
262 146 107 144 450 
262 147 112 144 448 
262 153 108 142 451 
267 151 110 146 450 
263 150 112 146 451 
266 149 112 148 454 
266 158 112 147 453 
266 148 112 149 456 
272 146 111 150 455 
263 152 111 150 457 
266 155 111 147 451 
267 152 109 150 455 
267 151 112 150 451 
268 150 112 146 453 
266 150 112 148 458 
270 149 112 146 458 
272 158 112 154 458 
269 157 112 143 463 
271 155 114 147 462 
272 150 115 147 460 
271 155 113 149 457 
271 157 113 151 464 
271 157 114 151 458 
272 156 115 155 464 
274 157 117 154 464 
272 157 113 155 464 
272 154 114 158 465 
279 155 113 151 464 
273 151 117 159 464 
272 151 119 154 464 
273 155 117 158 465 
272 158 121 155 464 
275 163 119 158 470 
272 166 118 160 467 
277 165 120 159 470 
280 165 125 162 464 
274 159 119 161 470 
277 164 115 160 470 
277 160 123 157 474 
272 159 123 161 471 
275 161 119 161 471 
277 169 121 158 473 
279 164 123 163 475 
287 173 125 164 477 
279 166 128 161 481 
281 172 127 157 477 
285 174 126 161 475 
282 164 126 167 482 
280 163 130 160 478 
282 171 127 166 480 
288 174 128 165 481 
288 176 128 165 479 
277 173 128 170 482 
286 176 128 166 483 
285 173 130 167 482 
288 176 129 166 478 
286 171 128 169 484 
287 172 125 170 483 
282 175 128 169 483 
293 167 130 173 485 
288 173 128 169 490 
287 175 128 175 486 
288 174 140 170 490 
287 174 131 169 485 
294 173 129 165 487 
294 176 131 166 489 
288 174 132 167 492 
288 169 135 169 493 
290 170 131 171 493 
290 175 129 171 489 
290 176 135 167 489 
288 174 140 169 486 
295 175 134 171 492 
293 176 133 169 491 
293 176 132 175 487 
289 175 129 171 491 
291 171 133 176 496 
288 175 135 172 493 
289 173 131 174 491 
293 167 135 171 492 
294 171 132 175 491 
293 171 135 171 490 
290 174 134 173 491 
293 170 136 174 490 
290 176 133 171 491 
295 177 130 173 487 
288 171 135 175 491 
291 172 134 170 489 
290 162 144 175 487 
287 173 133 169 490 
291 166 136 167 490 
290 169 132 174 490 
288 170 134 171 492 
289 176 129 174 494 
288 178 128 175 490 
290 176 130 171 487 
289 172 128 171 491 
290 175 134 167 483 
290 175 133 172 490 
291 176 134 168 486 
289 172 130 166 487 
288 174 134 167 489 
288 174 132 169 483 
290 173 129 167 489 
290 171 131 172 485 
286 175 133 167 487 
291 175 138 170 486 
287 176 133 174 487 
291 176 133 172 486 
289 175 130 173 485 
291 173 130 167 486 
290 174 129 164 483 
292 169 128 168 487 
304 169 134 171 486 
289 170 128 170 489 
294 169 130 168 487 
294 175 129 175 490 
291 175 133 173 486 
291 176 129 166 482 
291 175 131 166 487 
291 163 134 170 485 
291 167 129 170 485 
290 162 128 166 485 
289 174 128 165 483 
286 171 128 167 486 
289 171 128 164 480 
294 169 133 169 485 
290 170 128 167 483 
291 171 131 169 483 
289 165 128 167 486 
291 167 131 164 491 
288 167 128 165 485 
289 176 130 171 485 
290 168 131 168 486 
290 170 133 167 482 
296 171 135 165 489 
289 171 130 167 487 
292 175 130 170 487 
292 174 132 173 490 
295 175 129 167 484 
290 174 130 173 485 
289 173 137 171 489 
291 170 133 170 491 
292 171 130 171 493 
291 170 135 173 487 
291 172 134 169 489 
294 176 134 173 495 
296 176 138 175 492 
302 177 135 174 495 
299 177 135 172 496 
294 176 130 173 496 
291 176 134 170 494 
293 175 135 173 493 
299 176 141 176 494 
293 176 133 174 494 
298 179 135 177 498 
302 177 143 177 499 
299 179 135 174 499 
301 177 142 175 503 
302 183 142 178 500 
298 178 140 176 502 
299 181 144 175 498 
304 183 142 176 497 
301 181 135 176 499 
302 179 142 178 505 
302 181 145 178 502 
304 185 142 176 510 
302 187 146 180 507 
301 181 143 179 510 
304 185 144 180 507 
302 189 144 179 506 
304 181 144 179 510 
304 186 144 181 510 
306 187 144 186 517 
304 179 146 185 511 
300 178 147 187 511 
306 182 146 183 522 
307 189 145 192 522 
304 187 147 186 522 
304 187 146 186 525 
304 183 147 184 521 
308 181 157 189 523 
306 186 153 189 525 
305 189 150 190 528 
309 183 147 187 526 
306 183 148 191 528 
306 185 148 190 526 
308 190 151 191 528 
309 189 156 190 526 
306 189 153 192 527 
311 192 157 192 528 
313 192 157 191 529 
310 192 151 195 530 
314 190 154 192 528 
311 189 162 190 533 
311 188 153 198 530 
310 189 156 195 533 
311 191 154 192 531 
317 191 152 194 534 
318 198 159 192 538 
317 195 165 198 533 
311 193 160 194 534 
315 195 157 194 531 
315 194 158 201 535 
311 193 174 196 534 
309 192 160 197 538 
314 187 161 197 538 
313 188 161 195 538 
316 199 157 199 538 
317 203 158 195 541 
318 196 158 195 543 
316 199 163 201 534 
318 199 157 202 538 
317 198 162 194 537 
315 198 161 198 539 
317 194 159 196 543 
317 198 159 195 537 
315 194 159 200 539 
319 197 157 202 537 
316 196 159 199 535 
318 198 158 199 538 
317 195 159 199 535 
318 199 160 203 533 
317 202 158 193 538 
319 205 158 200 534 
317 191 160 193 536 
319 196 158 194 535 
316 197 159 195 538 
315 193 157 198 534 
314 195 157 197 535 
315 197 155 193 537 
314 195 155 194 535 
315 194 158 197 534 
321 198 163 195 535 
311 192 157 195 530 
313 193 160 193 532 
311 192 153 195 529 
315 195 158 193 530 
317 191 155 193 530 
310 191 160 192 530 
314 192 154 192 530 
315 192 156 194 528 
310 190 157 195 528 
311 190 151 192 528 
307 190 153 195 528 
310 184 154 192 525 
310 190 151 193 527 
313 187 151 191 528 
311 192 155 192 527 
306 192 154 193 528 
309 191 157 190 527 
314 189 151 191 524 
305 194 149 190 527 
304 192 155 189 521 
307 192 150 186 522 
304 190 151 191 524 
309 189 145 187 524 
308 192 149 190 522 
305 186 150 189 526 
305 183 150 185 528 
307 182 149 192 522 
304 193 144 186 522 
304 192 145 188 518 
303 192 150 186 519 
304 192 144 188 517 
304 192 141 188 511 
304 188 144 185 510 
304 189 145 187 507 
304 189 145 186 511 
304 181 147 188 509 
304 182 146 182 508 
302 185 145 187 506 
302 181 145 185 507 
304 181 145 187 509 
303 188 144 188 506 
304 185 145 182 507 
302 186 144 183 507 
303 191 144 183 506 
298 178 144 179 509 
295 178 142 177 499 
298 181 142 179 503 
297 177 141 178 501 
295 179 138 181 500 
301 183 139 183 497 
298 178 142 176 500 
295 178 139 179 499 
292 180 141 179 500 
291 175 137 177 499 
291 176 134 177 495 
289 176 139 179 496 
293 173 138 176 496 
291 176 139 174 496 
289 176 139 176 496 
289 176 138 176 495 
288 175 143 176 496 
288 176 139 174 496 
289 175 138 174 491 
288 175 131 176 494 
288 175 132 175 491 
287 171 133 176 494 
290 167 134 174 489 
287 171 135 174 493 
288 174 135 176 487 
288 175 133 170 492 
291 176 135 175 491 
288 174 128 167 491 
286 171 129 171 485 
286 171 133 167 481 
285 171 129 173 487 
287 173 132 171 486 
286 173 130 172 486 
287 170 129 170 489 
285 171 128 176 485 
286 172 130 169 486 
283 171 130 173 487 
287 171 130 160 483 
283 174 129 166 489 
287 174 135 166 487 
285 173 134 169 488 
287 173 127 171 489 
285 173 131 165 482 
289 175 133 170 485 
286 175 131 169 491 
286 176 129 171 487 
287 170 128 167 491 
288 174 130 163 489 
287 173 135 167 490 
286 175 131 173 487 
286 173 135 169 479 
288 174 132 169 482 
287 174 135 176 487 
286 176 133 170 493 
288 174 133 171 486 
284 174 131 174 489 
287 176 131 169 489 
287 175 132 172 488 
286 172 131 171 487 
289 172 134 171 485 
288 176 134 170 493 
292 173 137 175 488 
288 176 135 171 496 
294 177 134 173 496 
288 176 133 171 495 
291 176 137 176 495 
291 176 138 176 496 
288 176 134 174 496 
295 176 131 176 496 
294 176 139 167 494 
291 176 135 176 498 
293 179 137 177 499 
297 179 140 176 501 
294 178 139 176 502 
295 176 141 176 499 
291 176 144 176 501 
291 179 137 179 498 
296 179 139 176 505 
293 185 139 181 502 
303 181 146 185 506 
299 181 141 183 506 
300 178 140 181 504 
300 187 146 178 509 
297 181 147 179 507 
296 181 143 179 507 
298 186 144 183 507 
300 179 144 177 511 
300 181 142 179 511 
297 181 144 183 518 
303 183 143 182 511 
302 185 144 182 516 
301 182 141 181 510 
301 189 139 177 521 
301 186 144 177 521 
302 188 143 184 517 
301 183 144 181 521 
300 183 144 181 522 
300 186 145 181 519 
298 183 144 181 522 
297 183 144 178 522 
302 187 144 182 526 
297 186 146 181 523 
301 189 145 180 523 
300 190 145 178 524 
300 183 150 179 525 
299 185 144 176 519 
293 187 145 178 523 
295 189 149 179 527 
297 183 145 181 523 
297 185 144 179 529 
292 187 144 178 523 
295 185 146 174 518 
293 190 144 178 526 
295 186 145 177 525 
296 188 146 182 528 
293 190 145 177 520 
296 185 144 177 522 
291 183 144 176 525 
292 190 144 174 526 
290 188 147 176 527 
293 186 149 176 525 
294 188 144 176 526 
293 192 145 175 527 
287 181 134 174 525 
289 177 147 176 511 
287 186 145 176 523 
289 179 144 175 525 
289 181 145 176 523 
288 184 146 175 523 
287 179 144 175 521 
288 181 144 171 523 
288 185 144 173 522 
289 182 143 171 525 
285 181 144 170 520 
280 178 145 174 520 
288 179 144 176 518 
285 178 139 171 511 
288 181 142 173 518 
285 178 142 173 521 
285 181 142 173 511 
285 179 144 173 511 
278 183 144 173 511 
284 179 141 168 511 
283 178 141 170 509 
283 176 143 172 510 
277 179 144 170 510 
284 179 144 167 510 
281 180 141 165 507 
277 183 144 167 506 
283 176 138 166 511 
277 176 143 170 510 
282 180 141 170 510 
278 177 143 165 506 
279 180 142 162 509 
278 179 141 164 510 
277 181 142 164 510 
281 177 142 163 509 
278 176 143 166 509 
279 176 140 166 507 
275 176 139 166 507 
274 176 134 161 506 
272 178 137 163 507 
273 175 138 160 504 
273 176 134 166 508 
273 176 138 161 501 
273 176 132 161 503 
273 176 136 164 502 
272 175 132 157 498 
272 173 138 162 497 
272 174 133 162 497 
272 177 134 161 497 
272 173 134 157 498 
273 173 136 159 498 
271 168 135 160 496 
271 167 131 157 498 
272 174 135 158 498 
266 165 131 158 496 
267 164 141 154 496 
269 167 128 154 496 
268 163 129 155 493 
266 166 127 157 493 
267 168 130 153 494 
267 167 129 153 493 
269 165 128 155 487 
263 165 128 154 490 
269 161 128 149 487 
263 161 128 149 484 
267 160 127 155 489 
266 159 128 150 486 
263 163 125 151 491 
262 166 125 151 483 
266 158 127 150 492 
262 161 126 147 486 
262 161 126 148 484 
263 161 126 155 481 
262 157 125 147 484 
260 162 126 151 479 
260 158 123 144 482 
262 157 122 147 481 
260 156 127 146 482 
261 158 126 144 479 
261 153 121 147 479 
258 156 123 146 480 
256 158 121 146 478 
258 159 119 144 477 
255 158 120 145 480 
257 161 117 144 