226 117 105 139 414 
2025,1,12.00,20.00,0.00,0.00,0.00,152,88
found cross0
215 121 105 131 417 
211 115 107 131 414 
212 118 98 131 418 
214 117 101 129 412 
215 115 105 132 412 
210 118 106 137 413 
269 122 103 130 414 
272 122 100 134 415 
270 125 105 130 415 
271 125 102 135 415 
272 128 105 134 416 
270 123 107 133 414 
267 125 105 134 412 
268 118 99 131 404 
268 125 106 138 415 
268 119 99 135 413 
269 123 102 134 410 
270 122 104 131 413 
269 121 102 130 413 
271 121 103 130 415 
267 119 105 131 413 
269 119 97 129 415 
269 119 102 137 415 
267 123 107 134 415 
271 123 105 135 413 
267 123 107 138 411 
269 123 108 131 413 
267 121 99 131 415 
266 116 99 135 416 
263 122 102 131 416 
265 119 105 134 415 
266 118 102 133 415 
266 120 100 140 414 
265 119 98 133 414 
267 123 106 131 411 
266 121 99 134 418 
265 118 98 130 415 
270 122 101 139 414 
266 118 99 127 414 
265 122 99 132 415 
266 118 99 134 416 
270 121 101 130 412 
263 119 102 131 415 
271 118 100 133 413 
266 122 102 138 419 
267 125 96 132 416 
267 121 100 134 413 
264 117 103 134 414 
266 122 109 137 416 
263 123 101 132 412 
267 119 99 131 413 
270 117 99 138 416 
267 119 99 134 415 
266 122 101 130 417 
267 119 103 137 410 
261 121 99 134 414 
269 119 103 134 419 
266 121 98 137 413 
266 119 102 133 415 
265 121 99 134 417 
268 117 99 130 407 
266 115 102 135 414 
268 117 105 133 414 
267 119 101 133 415 
267 119 100 130 412 
267 117 103 134 413 
263 121 99 132 416 
266 119 100 133 417 
266 123 101 131 415 
265 122 103 134 412 
265 122 108 138 413 
265 123 107 133 410 
267 117 99 132 416 
265 118 107 137 415 
263 121 102 133 417 
267 117 103 137 416 
268 117 102 129 418 
262 119 105 135 416 
265 117 102 130 416 
268 121 103 133 422 
266 118 102 133 416 
270 122 106 131 418 
266 125 100 135 417 
264 123 106 135 414 
269 118 103 134 415 
270 116 103 138 417 
265 125 103 134 419 
268 123 103 133 422 
268 122 102 133 419 
267 125 101 131 413 
263 119 101 134 417 
266 121 103 129 421 
268 117 105 139 419 
262 119 104 133 421 
267 119 102 134 417 
266 120 107 138 418 
267 122 106 134 421 
268 119 102 134 416 
266 119 109 135 420 
270 121 105 141 419 
270 123 102 138 419 
267 118 108 138 419 
268 119 101 135 422 
265 123 108 137 418 
269 124 110 138 419 
269 121 105 140 419 
271 121 106 134 422 
271 123 107 135 421 
267 119 109 137 417 
267 124 106 137 420 
269 121 102 139 423 
269 121 102 137 425 
266 119 103 138 420 
267 118 110 138 419 
268 119 106 133 418 
272 119 109 138 421 
272 119 102 137 422 
269 122 108 139 422 
269 120 109 135 425 
272 121 109 137 421 
272 122 107 137 426 
266 121 106 141 422 
272 125 102 139 427 
270 119 110 140 422 
270 121 110 135 422 
269 122 107 141 422 
272 123 108 135 426 
269 122 106 138 422 
267 123 110 134 427 
269 123 111 133 425 
271 122 107 135 427 
271 123 111 139 422 
271 126 111 137 423 
271 122 112 138 429 
270 124 107 140 427 
272 127 112 138 427 
270 122 110 138 423 
272 125 110 141 427 
268 123 107 137 422 
270 123 110 140 425 
269 122 109 139 430 
270 121 112 138 429 
269 122 111 141 431 
267 126 111 138 427 
272 125 110 144 429 
272 127 109 143 429 
272 125 111 138 429 
272 124 112 141 432 
272 123 109 140 432 
271 127 109 141 426 
269 136 112 144 430 
269 122 111 141 431 
272 124 111 139 427 
269 123 112 138 431 
272 125 111 141 427 
272 123 112 143 430 
272 125 111 139 429 
278 126 110 140 430 
272 123 109 141 431 
274 126 108 140 432 
271 125 112 144 427 
272 125 112 142 432 
273 127 112 141 430 
272 125 114 144 432 
272 128 112 142 430 
273 126 114 142 431 
272 120 112 142 432 
269 128 112 144 433 
272 128 111 140 429 
272 123 112 143 428 
271 124 111 140 429 
273 123 112 142 430 
272 128 111 142 432 
272 127 112 144 432 
272 125 112 144 428 
272 123 112 142 430 
272 128 112 143 432 
275 127 112 139 432 
273 126 114 142 431 
272 128 112 144 430 
272 128 117 142 432 
274 126 113 143 431 
273 126 114 144 432 
272 128 112 144 431 
272 127 112 144 432 
273 128 112 142 432 
273 128 114 139 432 
273 125 113 142 431 
272 126 115 144 432 
270 123 112 144 429 
270 127 112 141 434 
272 128 112 145 432 
273 128 113 143 432 
273 126 114 144 432 
272 126 112 141 432 
273 127 112 143 433 
273 119 113 144 433 
274 128 112 144 432 
273 128 112 145 433 
272 125 112 142 433 
272 126 113 142 434 
272 128 112 144 432 
273 128 112 141 432 
272 126 112 140 431 
278 129 112 144 432 
272 128 112 143 434 
275 128 113 145 432 
273 127 112 144 432 
272 126 112 144 432 
272 128 113 144 433 
273 128 116 144 433 
278 128 113 141 432 
272 128 112 141 432 
273 126 112 144 432 
273 127 114 142 432 
272 127 112 143 435 
272 128 114 144 433 
274 127 112 143 434 
272 129 112 144 432 
273 128 113 142 432 
272 129 112 145 433 
273 126 112 144 432 
272 127 112 143 432 
272 128 112 144 432 
272 124 112 142 432 
273 128 112 142 431 
272 126 112 141 432 
272 127 113 142 431 
271 128 112 143 432 
272 128 112 142 432 
273 128 113 144 434 
274 129 115 144 432 
273 127 114 144 435 
272 126 119 142 432 
273 128 112 143 432 
272 126 116 145 433 
275 125 112 144 432 
273 124 114 144 434 
272 128 113 144 433 
272 127 112 144 434 
273 128 112 144 432 
274 125 113 144 433 
273 128 115 141 432 
274 129 113 145 433 
274 126 112 144 432 
274 126 118 144 432 
276 131 112 143 433 
275 128 114 144 434 
273 129 112 146 432 
273 128 114 144 432 
272 128 112 141 434 
272 112 114 144 432 
272 128 112 144 432 
274 130 115 146 433 
272 128 117 144 432 
274 126 112 144 433 
273 127 114 144 432 
273 127 118 144 432 
274 129 117 143 432 
273 127 118 144 437 
272 127 113 144 432 
273 128 114 144 432 
274 126 114 144 434 
272 128 114 143 432 
272 127 112 144 432 
275 130 112 144 432 
275 131 112 141 432 
277 128 117 144 432 
272 127 115 140 433 
273 128 112 144 439 
272 128 114 144 432 
272 125 114 146 433 
273 128 113 144 433 
273 128 115 144 433 
273 128 113 144 435 
275 127 114 144 432 
274 129 114 144 433 
273 128 113 144 432 
273 129 118 143 432 
272 128 114 144 434 
274 128 121 143 434 
276 126 116 144 433 
278 128 115 144 438 
273 128 114 144 432 
270 130 115 144 434 
273 128 113 144 434 
272 126 116 144 434 
272 126 112 144 434 
273 128 112 143 434 
272 128 115 144 433 
272 128 119 144 437 
273 129 112 147 437 
273 128 114 143 438 
271 126 112 145 432 
274 125 119 144 432 
275 131 112 147 435 
277 128 117 144 432 
273 127 113 143 438 
274 130 114 144 432 
274 129 115 144 435 
275 128 114 144 432 
273 128 115 144 434 
276 128 113 142 434 
274 128 113 144 433 
277 128 117 143 433 
275 128 117 144 436 
278 129 116 144 432 
274 129 115 144 438 
275 128 115 145 437 
277 128 112 147 437 
274 131 116 144 438 
273 128 114 144 432 
274 128 112 144 435 
274 128 122 144 436 
272 129 114 144 436 
272 127 118 143 437 
274 128 113 143 433 
278 128 119 144 433 
273 130 118 144 436 
274 132 115 141 439 
277 130 114 144 443 
279 131 121 144 438 
273 130 114 146 434 
275 129 116 144 441 
307 128 116 144 437 
273 129 117 145 439 
272 129 115 148 442 
277 133 117 144 443 
280 128 122 143 439 
276 130 117 145 437 
278 128 115 145 439 
278 128 114 146 442 
275 128 114 144 436 
275 128 114 144 435 
277 129 120 144 439 
277 132 118 144 438 
274 129 115 146 435 
275 131 117 144 435 
275 128 114 145 438 
277 130 114 144 439 
276 129 115 144 443 
277 128 123 144 437 
279 129 116 144 434 
278 130 116 144 442 
275 130 118 145 441 
277 131 116 149 443 
278 131 117 144 442 
274 129 116 145 443 
278 131 119 146 441 
277 130 117 149 440 
275 130 123 145 437 
277 129 117 149 441 
283 128 119 149 445 
277 132 118 144 438 
276 133 121 147 439 
275 132 122 146 444 
279 132 119 144 441 
279 131 126 147 445 
274 129 123 147 445 
276 128 118 146 444 
279 131 117 146 443 
275 129 118 145 441 
278 131 126 147 439 
280 131 123 146 442 
277 129 117 146 443 
277 133 117 145 443 
278 131 119 150 440 
274 135 122 145 446 
279 130 121 146 443 
278 129 119 146 443 
279 128 119 151 444 
277 135 119 146 448 
275 128 119 151 442 
276 133 124 149 442 
277 130 124 144 444 
282 134 118 145 442 
274 131 120 145 443 
275 131 119 148 441 
280 130 124 150 442 
278 129 126 144 448 
279 130 123 146 444 
281 129 118 146 445 
279 130 118 149 445 
278 135 122 147 442 
282 134 124 147 446 
280 131 118 145 449 
279 134 126 146 448 
281 131 125 145 444 
281 133 122 145 445 
279 130 122 150 447 
282 130 120 150 445 
286 131 123 151 448 
278 132 126 147 448 
283 132 126 149 446 
280 130 128 147 448 
279 130 119 146 446 
283 132 126 147 447 
281 129 126 148 447 
282 134 120 149 447 
277 130 121 146 445 
279 134 122 144 448 
277 135 123 144 444 
283 135 119 147 445 
281 133 127 148 446 
280 134 122 153 444 
283 130 123 146 446 
278 130 125 151 449 
282 134 125 149 448 
280 131 125 150 448 
280 135 125 147 446 
280 134 124 153 447 
281 132 123 151 449 
285 132 126 150 446 
279 133 123 150 448 
281 134 123 144 449 
278 134 125 145 448 
279 131 127 149 449 
279 130 119 147 450 
279 133 123 150 446 
283 138 123 151 447 
279 134 125 146 448 
280 132 128 150 449 
279 133 128 150 446 
280 131 123 147 449 
283 131 123 147 448 
285 134 122 148 449 
282 132 123 149 448 
282 129 123 152 445 
287 135 126 151 448 
281 135 125 146 448 
279 134 123 147 448 
279 133 125 146 448 
281 133 125 151 448 
282 132 126 153 448 
281 129 123 144 451 
280 138 126 150 453 
276 133 123 146 448 
278 135 125 153 448 
281 134 127 149 451 
281 133 127 145 449 
282 130 123 150 448 
284 135 126 152 450 
279 134 122 151 448 
283 131 125 154 448 
282 134 122 157 454 
283 133 127 147 449 
281 131 125 151 451 
281 132 122 150 454 
282 134 127 149 455 
281 133 124 151 451 
281 132 126 148 449 
281 134 125 150 454 
283 138 130 155 449 
282 131 128 148 453 
281 135 125 154 455 
279 136 122 149 454 
281 136 123 151 454 
281 135 125 151 452 
277 138 123 149 452 
277 135 127 150 453 
273 139 123 149 450 
275 135 123 150 455 
279 131 125 149 448 
279 132 125 148 451 
278 134 126 156 448 
281 133 125 157 451 
284 134 128 155 449 
284 134 129 151 454 
285 133 127 146 453 
283 134 124 149 453 
283 133 123 155 450 
278 140 125 149 453 
281 131 127 150 449 
283 131 120 151 451 
277 133 125 150 449 
282 139 122 150 451 
280 139 121 149 450 
279 132 125 153 451 
283 132 123 149 454 
282 133 128 154 455 
278 131 122 153 453 
283 132 126 146 452 
282 134 125 152 452 
285 134 128 147 455 
281 137 125 148 454 
277 133 123 146 451 
277 133 126 155 450 
282 133 123 149 450 
281 133 128 153 454 
279 137 127 147 454 
283 132 125 149 452 
280 133 130 151 455 
283 134 127 149 451 
285 135 128 154 453 
283 134 128 150 452 
275 133 127 151 454 
280 137 122 155 454 
279 135 129 150 452 
279 135 126 155 456 
286 134 129 151 453 
283 133 123 154 454 
282 135 128 147 455 
282 133 126 153 455 
279 140 123 149 454 
283 138 126 150 457 
281 138 126 156 457 
284 136 128 150 457 
283 138 128 153 457 
279 138 129 150 454 
282 138 127 152 454 
282 133 125 151 452 
284 136 129 152 451 
279 134 126 153 459 
282 138 125 155 455 
280 139 125 155 453 
287 135 131 152 459 
283 134 129 149 462 
283 134 128 157 459 
285 138 129 152 461 
279 135 126 154 463 
282 139 131 157 462 
286 132 128 158 463 
280 135 128 157 455 
279 134 128 151 462 
282 141 127 151 462 
282 133 128 151 461 
281 139 128 154 459 
284 135 134 154 464 
286 137 128 155 460 
283 137 128 155 464 
285 135 129 151 464 
278 137 133 153 463 
285 141 127 155 464 
283 139 130 154 464 
285 135 130 159 464 
285 138 130 157 464 
287 135 129 158 464 
284 135 131 157 462 
284 138 135 155 464 
286 139 130 154 463 
285 138 128 158 463 
286 138 135 157 467 
286 138 130 158 466 
287 141 134 156 466 
283 140 141 160 466 
285 137 133 156 464 
285 144 133 160 464 
284 142 133 162 464 
285 138 139 157 470 
290 138 134 158 465 
283 139 134 162 465 
284 139 134 161 467 
284 137 133 161 471 
285 143 137 158 472 
287 139 142 159 471 
286 139 137 160 467 
286 136 135 161 471 
285 142 137 160 475 
284 141 135 157 471 
283 139 138 158 470 
284 141 135 160 470 
287 142 141 160 471 
287 139 137 162 471 
287 140 143 161 474 
310 138 141 162 480 
285 142 142 163 477 
286 140 142 163 477 
286 141 138 163 479 
286 140 142 164 478 
274 144 140 160 476 
286 141 142 165 486 
286 141 143 167 479 
286 143 143 166 479 
282 139 142 162 481 
270 141 143 169 483 
287 144 139 165 482 
285 143 142 163 484 
290 141 144 165 482 
286 143 146 169 481 
290 142 144 168 487 
289 144 145 169 484 
287 142 144 171 494 
287 141 146 170 490 
294 144 147 170 495 
287 144 147 166 489 
293 145 147 167 490 
293 144 144 167 491 
292 144 145 171 491 
290 142 146 176 497 
289 144 151 176 497 
293 142 149 171 499 
293 144 150 176 496 
294 142 146 173 496 
290 144 147 176 498 
294 144 154 175 499 
294 144 149 176 500 
289 144 146 171 497 
294 143 157 173 510 
300 143 154 179 507 
294 145 156 176 511 
293 144 155 178 510 
293 144 158 178 509 
296 146 158 176 511 
300 142 160 176 524 
295 144 159 176 511 
293 144 162 177 523 
304 144 160 178 530 
295 146 162 178 528 
302 145 162 181 528 
301 144 160 177 528 
299 144 164 179 528 
301 145 167 181 528 
300 144 163 181 528 
301 145 169 181 530 
298 145 166 183 529 
300 146 173 188 541 
304 166 171 187 544 
301 147 173 187 541 
300 145 171 189 546 
302 145 170 191 541 
303 144 166 186 544 
304 144 172 183 543 
304 145 172 189 545 
303 145 174 187 545 
304 149 176 195 557 
304 145 176 196 558 
305 144 177 192 559 
304 150 179 193 559 
303 146 177 197 560 
304 146 177 193 558 
303 151 180 197 560 
304 150 176 195 560 
304 146 176 194 559 
304 146 183 197 563 
305 146 181 199 565 
304 154 181 195 567 
307 148 183 197 570 
306 150 188 195 570 
304 150 181 197 566 
305 147 184 204 570 
304 146 182 199 574 
304 146 179 201 573 
307 149 187 208 576 
307 150 187 203 578 
305 147 187 202 580 
306 151 189 208 577 
305 150 185 201 576 
311 147 187 205 578 
305 149 183 199 578 
306 147 190 206 583 
304 147 190 208 582 
310 152 194 208 593 
313 150 195 208 593 
309 153 202 208 593 
309 150 198 211 596 
315 154 197 208 596 
309 154 198 214 602 
310 151 195 208 592 
309 153 194 209 594 
308 148 197 208 603 
313 149 198 209 607 
314 153 199 213 606 
311 154 199 209 606 
312 157 201 212 610 
312 153 204 215 607 
313 151 202 211 608 
309 156 203 214 608 
314 150 201 218 610 
316 156 205 214 610 
311 155 206 214 614 
311 151 208 214 613 
314 151 201 219 618 
309 151 204 215 618 
312 154 203 213 614 
313 157 207 218 615 
311 153 208 217 615 
313 153 208 214 619 
314 153 206 211 617 
315 155 208 219 622 
312 152 208 221 619 
315 157 207 215 622 
314 155 208 215 624 
312 153 208 218 623 
312 153 205 216 623 
310 155 208 215 619 
314 156 207 217 622 
317 151 205 214 624 
314 151 209 218 619 
311 153 208 219 624 
311 156 207 221 622 
311 157 203 214 622 
313 153 208 223 623 
316 157 208 216 624 
314 151 208 219 623 
313 151 208 215 622 
311 155 208 215 622 
311 153 206 221 618 
310 155 208 217 624 
315 153 203 215 623 
311 153 208 218 624 
316 155 208 215 624 
315 157 209 211 622 
315 155 208 213 624 
311 150 207 214 624 
311 155 206 218 623 
315 154 208 218 624 
313 151 206 214 621 
313 154 203 210 621 
309 153 203 216 621 
309 154 204 219 622 
319 151 202 217 619 
314 156 205 218 618 
311 151 205 221 624 
310 155 206 214 618 
309 153 205 217 624 
310 150 205 210 613 
310 156 208 212 614 
310 153 201 210 611 
310 154 207 215 611 
313 155 201 209 610 
308 152 198 208 608 
307 150 197 209 603 
309 151 201 208 608 
309 153 198 210 609 
309 157 192 208 592 
309 150 192 206 593 
309 150 192 205 593 
308 150 191 206 590 
304 149 191 208 592 
304 147 191 204 592 
306 154 190 207 592 
307 147 189 205 592 
304 148 192 203 589 
304 144 182 197 577 
304 147 181 199 573 
304 146 179 199 576 
303 148 182 195 575 
305 150 179 197 576 
299 146 178 194 577 
304 146 182 194 573 
305 150 179 195 576 
303 150 177 196 575 
301 145 176 194 561 
304 147 175 190 563 
304 145 176 193 564 
302 144 176 195 560 
300 149 175 192 560 
300 147 176 191 560 
301 147 176 192 562 
298 146 176 194 560 
299 147 175 192 561 
301 146 176 189 558 
288 144 176 190 559 
303 147 170 191 557 
299 145 176 186 559 
300 147 173 190 560 
303 144 172 192 559 
302 145 176 190 554 
298 149 173 187 555 
301 145 175 187 557 
300 150 171 189 559 
299 146 175 191 560 
299 147 172 192 562 
302 145 175 192 559 
304 144 176 189 560 
297 150 173 189 559 
299 144 173 190 560 
295 143 176 191 560 
304 144 176 186 560 
299 144 173 192 560 
302 144 177 191 562 
301 145 176 192 562 
302 144 177 192 560 
302 161 176 191 565 
298 148 177 192 565 
302 144 176 191 562 
298 147 176 192 561 
299 145 176 193 561 
300 150 177 197 570 
302 146 176 192 570 
300 145 176 194 570 
301 149 178 194 566 
302 147 177 195 566 
301 146 179 194 567 
303 146 179 190 566 
301 144 182 193 566 
309 145 175 190 566 
300 145 176 188 561 
299 145 176 194 560 
305 149 174 191 560 
304 146 176 191 560 
299 145 171 190 561 
299 147 174 190 560 
298 146 171 187 558 
299 147 171 186 558 
295 143 172 190 560 
304 144 164 182 545 
295 146 165 187 546 
298 144 161 183 546 
298 144 170 182 545 
295 144 163 183 541 
294 144 170 186 547 
293 144 161 181 543 
293 144 160 185 542 
291 145 163 180 537 
289 144 160 177 528 
292 145 159 176 528 
291 144 160 178 525 
293 142 157 177 525 
291 144 151 174 529 
289 144 151 176 527 
292 143 153 176 526 
287 143 156 177 525 
288 144 158 178 528 
290 144 156 176 524 
289 144 147 171 511 
288 144 146 171 510 
288 142 149 174 507 
288 142 144 173 503 
283 140 146 169 509 
286 144 146 173 501 
286 143 148 175 506 
287 139 144 166 506 
287 143 146 171 502 
288 141 145 166 501 
286 144 147 171 497 
285 144 143 167 499 
286 144 144 169 499 
284 138 144 167 496 
288 142 144 167 495 
287 143 144 171 496 
286 144 144 166 498 
286 143 143 170 496 
283 142 142 164 493 
283 143 139 166 493 
286 143 143 162 489 
286 141 138 160 491 
286 144 135 163 493 
282 140 143 166 495 
282 139 142 167 489 
285 138 138 163 490 
288 141 139 160 492 
283 137 137 159 482 
283 138 130 160 481 
283 139 134 161 480 
282 138 133 158 480 
281 141 135 161 479 
279 139 130 160 480 
282 144 133 159 481 
282 135 136 161 480 
287 142 139 160 481 
282 138 133 161 472 
283 135 128 158 469 
278 138 130 156 471 
278 137 130 158 475 
282 138 134 157 470 
279 137 131 162 471 
277 137 130 154 466 
281 137 129 154 467 
273 139 129 151 465 
281 136 128 159 465 
276 132 128 153 464 
277 134 126 154 464 
275 136 129 157 465 
277 139 127 154 466 
275 135 127 151 467 
278 138 126 154 464 
276 133 127 155 465 
276 138 125 150 463 
276 134 121 147 464 
279 134 127 153 464 
279 134 121 151 459 
277 135 124 149 461 
278 138 124 150 461 
274 135 127 155 461 
277 136 125 151 462 
286 133 122 149 459 
276 137 118 145 464 
278 132 118 154 457 
274 134 122 148 456 
277 133 126 145 453 
278 138 119 146 454 
274 139 121 147 454 
273 135 123 146 451 
274 135 121 149 458 
273 134 117 146 456 
272 132 121 144 452 
272 130 118 147 448 
273 135 115 144 451 
275 133 119 144 449 
272 135 115 146 448 
277 133 113 145 449 
275 133 115 147 450 
274 129 115 144 448 
273 131 113 144 448 
273 131 117 146 446 
273 134 113 144 439 
272 131 117 146 443 
275 129 112 146 443 
272 128 115 143 445 
272 132 112 145 447 
272 132 112 143 446 
272 126 115 145 446 
272 129 115 148 443 
277 131 116 144 442 
270 132 116 145 441 
272 128 113 144 438 
272 129 112 144 439 
272 129 115 144 437 
278 130 112 141 442 
272 130 112 145 442 
272 128 112 144 442 
273 147 113 141 439 
272 128 113 144 444 
271 128 114 144 437 
272 131 112 143 440 
275 129 109 139 438 
272 130 111 144 434 
272 128 112 139 437 
274 131 111 137 438 
273 128 109 142 432 
272 127 110 139 434 
272 128 107 144 434 
272 126 107 141 432 
272 127 109 135 432 
272 128 106 141 432 
273 129 110 142 432 
270 131 107 139 432 
272 128 107 138 431 
272 129 105 138 433 
271 128 107 141 433 
270 128 106 139 434 
271 128 106 133 432 
272 128 106 141 431 
271 128 107 135 432 
270 128 109 139 432 
271 130 105 139 430 
267 128 107 135 432 
265 126 103 139 426 
271 129 107 139 432 
271 137 105 141 431 
271 129 112 141 430 
269 127 107 133 427 
272 127 103 135 430 
269 127 107 138 429 
270 126 102 139 429 
272 128 103 138 422 
267 125 106 137 431 
269 130 102 134 430 
267 128 103 139 432 
269 128 103 137 430 
271 124 100 134 429 
272 128 103 133 427 
268 128 107 135 426 
265 125 105 134 427 
271 129 97 135 426 
270 126 108 131 429 
269 125 101 134 425 
271 127 102 133 428 
270 127 106 133 430 
267 123 103 132 425 
269 127 107 133 427 
267 128 101 130 425 
272 130 105 134 421 
268 126 106 132 422 
266 128 102 129 427 
267 125 99 132 422 
267 127 106 129 422 
272 128 103 137 425 
271 125 105 133 423 
268 125 100 135 421 
270 127 102 133 421 
265 128 100 135 422 
262 127 99 133 419 
271 128 106 132 419 
268 128 101 132 419 
266 126 102 133 420 
266 128 105 131 423 
269 128 98 130 420 
269 122 98 135 421 
267 128 99 130 421 
267 128 107 130 416 
263 125 98 133 420 
263 130 104 136 422 
270 125 106 128 419 
267 126 98 139 423 
270 123 101 132 418 
266 126 103 129 416 
266 126 108 128 422 
266 122 100 130 419 
263 125 96 134 419 
270 125 99 134 416 
263 123 100 128 417 
262 127 99 129 416 
262 128 95 128 418 
263 126 97 128 418 
266 125 99 128 418 
266 124 98 132 416 
278 121 99 129 419 
267 125 99 128 416 
265 125 98 126 414 
270 127 99 129 416 
268 125 97 129 415 
261 126 94 131 415 
269 126 96 129 413 
259 123 96 128 413 
267 127 98 132 417 
261 126 94 127 411 
261 125 96 126 413 
265 126 94 128 411 
263 123 95 129 410 
263 126 96 128 414 
266 128 96 131 414 
260 123 94 128 409 
260